1739
1679
1669
1625
1686
1717
1544
1631
1654
1656
1640
1629
1566
1652
1768
1816
1631
1611
1625
1669
1454
1666
1571
1565
1644
1625
1597
1703
1657
1674
1698
1624
1664
1744
1743
1800
1788
1797
1851
1799
1908
1967
1964
2048
2070
2029
1905
1888
1922
2032
2062
2137
2075
2066
1965
1832
2020
1924
1965
1988
2017
1993
2005
2073
1935
2113
1997
1896
1940
1894
1951
1948
1855
1864
1907
1943
1767
1800
1822
1831
1757
1734
1793
1692
1774
1715
1709
1635
1695
1649
1569
1598
1624
1489
1542
1583
1530
1531
1584
1439
1519
1559
1517
1607
1562
1633
1799
1622
1642
1600
1727
1632
1624
1567
1471
1404
1354
1483
1416
1445
1352
1425
1530
1441
1463
1387
1423
1268
1395
1364
1361
1411
1384
1365
1446
1391
1404
1402
1348
1336
1411
1446
1424
1419
1449
1529
1450
1411
1381
1451
1430
1368
1357
1433
1380
1332
1308
1389
1320
1367
1303
1316
1331
1327
1359
1326
1395
1340
1349
1394
1328
1327
1261
1286
1348
1296
1337
1346
1413
1498
1459
1667
1945
1897
1272
1323
1326
1279
1331
1306
1375
1435
1282
1206
1273
1238
1227
1263
1237
1296
1286
1284
1249
1271
1248
1323
1267
1254
1297
1346
1370
1326
1444
1392
1260
1273
1216
1281
1295
1233
1237
1242
1307
1212
1258
1330
1236
1197
1238
1261
1196
1225
1326
1386
1453
1471
1404
1401
1390
1325
1275
1325
1226
1204
1283
1318
1282
1220
1241
1275
1300
1268
1412
1326
1289
1216
1226
1323
1288
1311
1357
1309
1241
1321
1406
1355
1403
1377
1275
1336
1419
1344
1329
1301
1334
1323
1314
1426
1477
1407
1349
1411
1363
1398
1354
1426
1416
1368
1336
1334
1309
1352
1456
1376
1359
1436
1429
1399
1420
1389
1343
1428
1374
1389
1556
1444
1480
1380
1380
1371
1379
1459
1483
1446
1306
1467
1550
1463
1430
1467
1410
1477
1524
1568
1507
1569
1548
1647
1621
1657
1510
1556
1571
1613
1543
1605
1575
1464
1384
1487
1482
1485
1548
1555
1532
1574
1576
1591
1646
1697
1749
1737
1710
1682
1653
1650
1732
1701
1654
1638
1682
1500
1592
1597
1610
1603
1653
1603
1748
1687
1622
1752
1685
1738
1655
1669
1715
1690
1734
1757
1721
1644
1541
1774
1527
1650
1667
1646
1665
1580
1594
1521
1515
1541
1522
1518
1547
1506
1471
1535
1513
1469
1581
1588
1549
1489
1592
1682
1719
1693
1663
1620
1724
1804
1803
1796
1897
1855
1808
1752
1915
1731
1703
1649
1639
1697
1756
1699
1766
1660
1574
1682
1683
1654
1805
1788
1655
1793
1718
1734
1559
1646
1680
1562
1539
1450
1511
1543
1556
1534
1542
1491
1505
1566
1568
1699
1679
1602
1616
1602
1612
1711
1687
1741
1699
1655
1599
1581
1502
1567
1626
1531
1603
1530
1547
1572
1645
1563
1471
1536
1522
1600
1439
1540
1410
1438
1478
1551
1596
1462
1493
1397
1386
1480
1433
1485
1536
1646
1598
1501
1402
1398
1352
1333
1350
1385
1413
1504
1413
1493
1432
1343
1469
1408
1447
1343
1405
1358
1449
1399
1382
1445
1294
1385
1490
1632
1592
1437
1530
1476
1430
1492
1495
1333
1400
1323
1286
1350
1294
1439
1352
1322
1328
1438
1353
1339
1434
1477
1416
1447
1458
1438
1440
1334
1277
1294
1320
1312
1402
1442
1488
1531
1562
1457
1437
1386
1414
1530
1501
1510
1511
1460
1343
1423
1518
1361
1258
1253
1370
1359
1237
1349
1432
1354
1370
1438
1458
1453
1417
1410
1329
1400
1214
1228
1226
1313
1321
1287
1243
1226
1244
1227
1287
1339
1377
1299
1277
1308
1368
1430
1378
1379
1382
1386
1383
1312
1383
1387
1364
1353
1410
1391
1318
1322
1310
1320
1315
1330
1329
1296
1399
1416
1416
1392
1308
1366
1387
1345
1408
1323
1286
1415
1372
1416
1536
1519
1417
1424
1401
1424
1389
1505
1407
1375
1351
1374
1435
1482
1557
1491
1452
1418
1425
1374
1397
1425
1392
1474
1400
1421
1413
1414
1525
1447
1383
1480
1509
1658
1541
1511
1497
1564
1465
1434
1485
1503
1480
1482
1518
1555
1576
1559
1602
1505
1519
1481
1561
1621
1610
1683
1759
1751
1884
1886
1927
1973
2029
2151
2216
2210
2431
2436
2560
2584
2740
2739
2740
2835
2597
2665
2673
2812
2769
2800
2756
2632
2644
2357
2433
2377
2359
2377
2359
2333
2304
2352
2194
2092
1984
2089
2205
2101
1930
1898
1787
1799
1802
1698
1575
1680
1621
1681
1636
1609
1574
1614
1657
1591
1537
1570
1550
1530
1607
1600
1582
1625
1548
1531
1622
1501
1560
1638
1506
1565
1550
1583
1548
1583
1594
1588
1640
1670
1587
1592
1652
1620
1480
1591
1526
1500
1580
1613
1602
1650
1541
1634
1676
1731
1629
1627
1589
1622
1664
1595
1604
1645
1603
1655
1646
1526
1610
1635
1659
1622
1555
1565
1511
1511
1520
1547
1681
1574
1541
1436
1597
1559
1558
1619
1533
1602
1542
1575
1613
1566
1506
1614
1657
1599
1573
1538
1434
1449
1454
1526
1526
1467
1378
1465
1439
1456
1468
1430
1550
1461
1472
1512
1502
1510
1502
1383
1496
1408
1392
1497
1442
1481
1416
1282
1373
1393
1486
1409
1338
1421
1427
1433
1413
1421
1387
1402
1393
1337
1450
1447
1408
1372
1442
1504
1468
1466
1525
1454
1429
1397
1387
1333
1380
1353
1320
1299
1219
1263
1344
1434
1312
1340
1326
1345
1342
1331
1249
1214
1373
1208
1203
1319
1351
1486
1613
1431
1423
1351
1306
1386
1428
1379
1300
1289
1282
1314
1313
1359
1363
1330
1435
1336
1348
1316
1443
1445
1302
1345
1355
1378
1496
1559
1518
1527
1465
1382
1309
1197
1229
1229
1221
1318
1343
1269
1285
1240
1256
1327
1231
1210
1232
1266
1267
1309
1369
1399
1288
1402
1311
1346
1327
1275
1371
1311
1352
1325
1401
1408
1358
1303
1276
1253
1240
1360
1369
1264
1328
1379
1378
1360
1421
1394
1380
1332
1318
1322
1405
1367
1290
1305
1370
1296
1310
1353
1454
1444
1413
1460
1409
1427
1447
1430
1464
1354
1394
1359
1440
1396
1382
1416
1455
1383
1458
1419
1508
1464
1512
1393
1508
1486
1429
1627
1537
1541
1510
1393
1455
1420
1470
1477
1441
1456
1454
1443
1437
1358
1442
1453
1592
1591
1479
1486
1421
1457
1490
1506
1529
1451
1508
1541
1428
1463
1524
1409
1474
1503
1457
1438
1343
1419
1324
1530
1468
1499
1489
1389
1437
1387
1384
1512
1449
1570
1556
1576
1547
1646
1671
1689
1767
1732
1819
1746
1852
1831
1784
1912
1872
1854
1818
1933
1954
1803
1913
1842
1820
1809
1812
1776
1829
1810
1749
1764
1742
1698
1718
1650
1679
1655
1717
1605
1654
1585
1639
1615
1578
1565
1606
1624
1596
1533
1666
1694
1684
1653
1625
1661
1669
1680
1684
1649
1647
1682
1694
1717
1787
1709
1657
1578
1659
1640
1545
1641
1605
1678
1553
1663
1716
1718
1842
1707
1838
1756
1829
1795
1843
1817
1752
1728
1763
1703
1735
1711
1739
1623
1638
1643
1670
1646
1574
1602
1609
1676
1600
1680
1611
1580
1694
1533
1513
1612
1598
1512
1487
1571
1644
1546
1494
1512
1516
1510
1464
1515
1474
1514
1466
1439
1370
1470
1477
1345
1363
1413
1431
1446
1443
1509
1530
1474
1458
1475
1455
1576
1476
1519
1438
1388
1401
1351
1390
1393
1396
1442
1394
1315
1312
1381
1373
1346
1347
1370
1342
1408
1426
1501
1489
1491
1465
1444
1397
1325
1365
1322
1454
1358
1376
1379
1454
1416
1383
1446
1357
1399
1483
1518
1486
1429
1399
1395
1381
1319
1391
1362
1326
1374
1428
1532
1496
1545
1463
1452
1636
1711
1707
1742
1797
1602
1498
1539
1414
1453
1400
1375
1292
1329
1402
1346
1414
1352
1402
1326
1325
1303
1490
1424
1309
1376
1434
1301
1323
1267
1295
1246
1290
1381
1327
1255
1264
1375
1281
1386
1401
1511
1416
1400
1332
1242
1290
1293
1264
1349
1290
1291
1255
1342
1205
1241
1231
1303
1307
1363
1345
1356
1377
1344
1308
1327
1301
1265
1257
1309
1330
1302
1371
1443
1467
1460
1486
1416
1408
1376
1361
1414
1340
1303
1371
1409
1391
1455
1463
1378
1337
1404
1434
1536
1459
1504
1479
1370
1377
1330
1434
1464
1544
1493
1466
1428
1435
1375
1471
1562
1420
1461
1416
1426
1466
1434
1447
1552
1473
1498
1481
1541
1413
1542
1482
1419
1408
1524
1528
1524
1540
1544
1521
1545
1459
1537
1528
1525
1512
1523
1508
1570
1598
1561
1679
1556
1538
1616
1478
1500
1506
1548
1586
1591
1584
1584
1615
1687
1578
1655
1616
1627
1645
1692
1692
1752
1744
1743
1707
1725
1721
1727
1831
1749
1692
1703
1691
1862
1924
1935
1900
1790
1801
1896
1873
1841
1934
1787
1768
1774
1686
1732
1787
1781
1725
1732
1759
1670
1672
1667
1794
1781
1702
1669
1668
1707
1624
1715
1674
1833
1759
1735
1711
1754
1762
1716
1665
1644
1634
1631
1643
1682
1607
1619
1609
1602
1630
1581
1629
1601
1567
1498
1642
1569
1567
1572
1463
1565
1473
1584
1583
1499
1558
1489
1568
1592
1616
1525
1483
1550
1686
1646
1626
1564
1580
1591
1595
1493
1579
1459
1509
1591
1517
1497
1446
1542
1555
1557
1535
1488
1571
1491
1437
1410
1492
1469
1401
1497
1513
1388
1426
1480
1399
1408
1490
1461
1554
1453
1425
1463
1489
1476
1445
1397
1462
1448
1463
1577
1599
1543
1562
1442
1508
1505
1400
1460
1434
1414
1424
1386
1502
1445
1495
1338
1419
1396
1419
1461
1465
1447
1489
1503
1487
1423
1398
1403
1430
1389
1386
1358
1384
1379
1463
1492
1375
1387
1344
1345
1456
1383
1432
1494
1409
1526
1522
1390
1494
1429
1406
1391
1372
1347
1354
1461
1508
1453
1380
1286
1384
1277
1268
1424
1498
1367
1450
1343
1521
1416
1378
1232
1271
1366
1509
1489
1491
1673
1565
1578
1427
1432
1392
1439
1359
1369
1378
1237
1252
1266
1371
1426
1371
1332
1271
1373
1382
1359
1417
1429
1358
1362
1451
1372
1382
1331
1242
1224
1272
1277
1257
1210
1409
1326
1313
1390
1376
1368
1388
1400
1365
1283
1399
1304
1329
1304
1417
1346
1361
1401
1375
1336
1332
1349
1271
1376
1369
1413
1406
1424
1414
1471
1397
1424
1459
1471
1404
1418
1371
1344
1481
1434
1416
1517
1490
1498
1417
1487
1460
1529
1525
1502
1516
1447
1420
1460
1389
1414
1437
1379
1454
1433
1434
1421
1461
1570
1517
1491
1495
1682
1488
1510
1485
1500
1502
1545
1416
1490
1455
1563
1465
1408
1467
1442
1400
1422
1436
1569
1417
1491
1519
1492
1487
1491
1437
1470
1460
1444
1397
1366
1460
1527
1555
1566
1525
1526
1492
1506
1501
1473
1539
1543
1552
1506
1538
1577
1558
1558
1453
1559
1625
1564
1581
1624
1592
1629
1676
1737
1764
1941
1974
1935
1996
2050
1992
2157
2197
2208
2127
2129
2162
2148
2254
2195
2187
2194
2065
2266
2208
2362
2201
2096
2104
2140
2055
2086
2024
1950
2039
1927
1945
1924
1846
1890
1876
1800
1775
1723
1740
1622
1716
1711
1735
1764
1683
1654
1623
1765
1706
1695
1600
1633
1644
1598
1705
1729
1568
1678
1616
1625
1538
1654
1643
1525
1623
1551
1562
1640
1740
1663
1518
1588
1541
1624
1509
1602
1602
1582
1552
1501
1541
1602
1606
1595
1589
1597
1621
1608
1631
1557
1559
1512
1514
1532
1512
1510
1610
1488
1482
1443
1566
1549
1459
1520
1478
1456
1533
1544
1569
1498
1649
1561
1459
1461
1473
1498
1465
1506
1546
1599
1543
1555
1592
1516
1479
1550
1617
1561
1527
1480
1401
1500
1352
1344
1364
1375
1381
1350
1444
1421
1438
1451
1483
1481
1404
1439
1402
1373
1311
1397
1437
1397
1507
1329
1376
1436
1399
1312
1328
1356
1412
1442
1356
1316
1387
1441
1368
1524
1412
1362
1317
1436
1546
1505
1424
1360
1235
1328
1306
1345
1396
1507
1519
1470
1352
1340
1447
1518
1456
1490
1536
1453
1420
1248
1369
1394
1454
1296
1320
1305
1369
1299
1309
1361
1340
1270
1281
1206
1257
1311
1382
1313
1347
1285
1389
1412
1399
1511
1390
1379
1330
1299
1388
1361
1331
1357
1434
1627
1567
1628
1646
1530
1585
1452
1433
1468
1437
1464
1358
1315
1321
1368
1299
1340
1282
1232
1197
1189
1366
1349
1423
1376
1468
1352
1350
1393
1392
1372
1291
1243
1269
1377
1497
1399
1324
1234
1267
1293
1247
1249
1278
1336
1351
1371
1429
1478
1387
1409
1460
1509
1456
1472
1436
1472
1450
1540
1461
1462
1482
1463
1510
1468
1568
1556
1419
1443
1483
1558
1496
1518
1518
1422
1519
1498
1491
1578
1539
1508
1529
1590
1666
1525
1607
1633
1441
1433
1461
1447
1445
1487
1481
1484
1487
1523
1545
1460
1486
1530
1452
1466
1504
1509
1522
1489
1425
1534
1457
1529
1462
1517
1447
1584
1621
1619
1652
1590
1649
1438
1553
1548
1516
1554
1599
1540
1551
1613
1640
1563
1653
1678
1596
1537
1642
1602
1663
1527
1541
1635
1505
1581
1633
1684
1711
1660
1588
1674
1623
1628
1588
1574
1590
1662
1582
1590
1570
1477
1509
1424
1490
1536
1476
1454
1521
1458
1502
1563
1476
1505
1487
1487
1455
1534
1523
1490
1442
1544
1579
1460
1493
1528
1525
1562
1576
1471
1494
1534
1499
1516
1519
1530
1492
1439
1472
1436
1403
1518
1514
1484
1554
1602
1544
2010
1548
1571
1558
1586
1654
1544
1540
1671
1570
1612
1593
1532
1662
1565
1646
1578
1614
1551
1568
1575
1576
1619
1583
1529
1550
1515
1538
1551
1605
1521
1469
1502
1541
1533
1495
1568
1538
1505
1554
1492
1462
1423
1517
1553
1492
1513
1438
1540
1534
1487
1463
1493
1507
1471
1524
1518
1516
1542
1442
1543
1556
1490
1567
1540
1430
1485
1514
1516
1580
1551
1579
1538
1436
1593
1496
1480
1441
1475
1497
1425
1428
1400
1393
1383
1533
1486
1465
1423
1448
1420
1413
1431
1604
1477
1393
1367
1386
1334
1382
1417
1427
1364
1460
1448
1575
1507
1416
1354
1380
1489
1476
1456
1446
1398
1383
1326
1364
1332
1401
1385
1484
1337
1400
1379
1409
1392
1476
1453
1388
1436
1467
1425
1339
1285
1366
1363
1302
1324
1271
1373
1411
1356
1406
1327
1282
1328
1448
1479
1531
1436
1399
1436
1444
1355
1338
1288
1330
1315
1278
1316
1212
1381
1423
1531
1593
1644
1425
1291
1360
1312
1317
1324
1277
1258
1358
1419
1288
1301
1306
1378
1369
1250
1285
1316
1345
1363
1404
1385
1410
1451
1351
1366
1554
1462
1342
1454
1351
1290
1283
1352
1296
1355
1333
1378
1438
1399
1401
1504
1480
1474
1487
1555
1433
1436
1360
1532
1534
1633
1560
1530
1545
1562
1585
1547
1617
1628
1526
1553
1581
1571
1598
1628
1626
1518
1583
1553
1558
1613
1622
1546
1531
1549
1538
1539
1593
1627
1569
1511
1614
1539
1575
1632
1555
1587
1561
1640
1557
1615
1560
1692
1576
1533
1531
1505
1543
1436
1610
1499
1568
1547
1533
1601
1614
1632
1589
1629
1537
1582
1653
1730
1731
1728
1673
1643
1779
1776
1776
1837
1846
1837
1920
1823
1907
1959
2109
2058
2079
2132
2184
2096
2021
1937
1914
2013
2054
1960
1934
1871
2059
2002
1993
1983
1901
1855
1763
1848
1785
1920
1814
1807
1721
1664
1693
1641
1636
1764
1676
1723
1666
1663
1592
1655
1599
1550
1680
1529
1611
1511
1568
1623
1630
1594
1593
1686
1631
1672
1677
1545
1606
1604
1633
1565
1582
1523
1570
1502
1546
1587
1595
1575
1549
1641
1655
1643
1667
1602
1616
1531
1557
1547
1488
1612
1562
1527
1522
1507
1568
1591
1617
1573
1526
1583
1545
1645
1600
1609
1637
1658
1599
1626
1589
1604
1640
1673
1671
1655
1610
1698
1604
1713
1667
1652
1572
1646
1612
1653
1679
1673
1601
1527
1670
1563
1461
1572
1554
1589
1581
1507
1509
1431
1609
1547
1458
1426
1507
1466
1478
1511
1541
1577
1529
1517
1535
1510
1496
1551
1526
1494
1556
1550
1542
1500
1568
1573
1494
1419
1433
1383
1498
1405
1411
1475
1472
1457
1389
1444
1401
1508
1488
1508
1578
1603
1656
1566
1527
1521
1527
1503
1489
1488
1282
1397
1341
1426
1384
1411
1398
1399
1401
1414
1496
1385
1393
1374
1366
1407
1469
1485
1428
1404
1512
1540
1438
1500
1439
1404
1515
1577
1448
1454
1434
1412
1277
1422
1386
1407
1407
1455
1278
1378
1386
1486
1459
1580
1551
1710
1696
1720
2021
1979
1712
1669
1786
1648
1360
1340
1298
1328
1418
1282
1383
1342
1425
1330
1356
1420
1248
1248
1214
1301
1276
1280
1352
1402
1430
1313
1375
1367
1329
1299
1384
1374
1311
1375
1367
1411
1366
1355
1349
1340
1439
1458
1477
1436
1433
1514
1435
1460
1450
1397
1412
1357
1504
1503
1465
1422
1364
1383
1429
1412
1417
1488
1353
1415
1432
1471
1488
1459
1541
1589
1624
1596
1577
1541
1499
1578
1504
1567
1510
1544
1507
1486
1540
1556
1533
1628
1609
1532
1503
1529
1389
1442
1476
1458
1452
1445
1522
1541
1563
1498
1537
1511
1463
1505
1430
1487
1490
1475
1462
1465
1485
1546
1557
1509
1551
1478
1444
1545
1581
1491
1537
1437
1436
1489
1534
1512
1541
1472
1588
1476
1495
1596
1646
1609
1620
1537
1620
1599
1692
1712
1646
1662
1771
1687
1540
1694
1616
1699
1775
1735
1648
1652
1712
1686
1670
1615
1569
1625
1578
1591
1654
1453
1546
1549
1553
1588
1528
1549
1600
1526
1566
1547
1536
1593
1636
1529
1615
1611
1576
1683
1721
1661
1689
1690
1723
1707
1708
1697
1730
1675
1678
1655
1679
1629
1814
1714
1716
1916
1855
1824
1769
1750
1735
1798
1779
1697
1748
1732
1867
1729
1754
1644
1689
1710
1754
1766
1686
1762
1782
1899
1836
1863
1906
1829
1799
1870
1854
1779
1738
1854
1806
1802
1731
1843
1689
1677
1802
1755
1731
1662
1747
1749
1682
1764
1698
1671
1554
1563
1507
1600
1697
1604
1531
1570
1537
1544
1503
1563
1647
1576
1482
1439
1522
1414
1442
1473
1504
1379
1481
1525
1622
1664
1473
1547
1567
1679
1686
1612
1560
1420
1392
1352
1379
1303
1461
1415
1427
1431
1426
1401
1440
1413
1520
1493
1352
1319
1487
1406
1377
1456
1422
1345
1347
1267
1357
1463
1498
1654
1597
1460
1418
1459
1492
1545
1418
1428
1374
1400
1363
1350
1477
1466
1446
1570
1647
1682
1796
1830
1922
1956
1986
1968
2037
1890
1941
1817
1745
1468
1386
1447
1409
1447
1327
1384
1496
1511
1421
1334
1334
1337
1254
1172
1289
1287
1284
1289
1345
1323
1364
1337
1354
1227
1368
1333
1404
1284
1312
1364
1401
1418
1377
1365
1342
1295
1361
1341
1413
1324
1301
1309
1367
1315
1385
1418
1370
1301
1374
1269
1301
1326
1357
1265
1207
1228
1281
1228
1349
1298
1335
1320
1295
1275
1380
1344
1405
1359
1331
1363
1371
1407
1428
1489
1332
1473
1414
1414
1503
1492
1537
1340
1342
1388
1324
1359
1385
1354
1326
1349
1370
1375
1457
1423
1420
1367
1344
1347
1386
1411
1392
1465
1372
1360
1390
1445
1415
1459
1464
1479
1420
1420
1410
1450
1465
1416
1501
1486
1471
1418
1506
1423
1525
1368
1461
1469
1497
1432
1407
1543
1413
1428
1460
1465
1524
1434
1557
1451
1416
1475
1481
1535
1505
1533
1549
1499
1534
1532
1477
1533
1557
1542
1502
1529
1576
1452
1493
1463
1433
1474
1510
1509
1608
1623
1611
1627
1541
1596
1527
1568
1458
1640
1653
1624
1584
1641
1815
1623
1656
1630
1526
1667
1633
1625
1622
1612
1565
1541
1632
1591
1612
1605
1650
1552
1511
1609
1560
1517
1576
1564
1577
1577
1528
1572
1546
1455
1557
1531
1540
1520
1591
1630
1580
1608
1564
1630
1656
1547
1640
1494
1532
1509
1575
1515
1507
1573
1575
1631
1543
1493
1488
1477
1540
1445
1557
1487
1579
1620
1568
1584
1585
1638
1628
1608
1569
1600
1617
1570
1610
1526
1532
1572
1452
1509
1554
1580
1573
1577
1520
1566
1600
1592
1567
1444
1537
1534
1586
1614
1552
1677
1606
1572
1678
1551
1555
1590
1552
1639
1629
1638
1656
1573
1631
1600
1557
1468
1570
1550
1595
1557
1539
1588
1481
1389
1393
1405
1471
1481
1463
1485
1458
1440
1416
1431
1416
1520
1495
1424
1428
1385
1415
1471
1446
1431
1506
1379
1422
1396
1504
1434
1523
1434
1380
1405
1454
1338
1408
1448
1415
1325
1388
1474
1518
1375
1421
1449
1448
1262
1396
1507
1324
1266
1325
1336
1341
1331
1414
1375
1310
1377
1363
1357
1308
1337
1427
1322
1270
1347
1450
1532
1559
1559
1456
1498
1440
1336
1382
1460
1397
1389
1345
1328
1364
1234
1389
1288
1336
1303
1289
1345
1373
1367
1283
1403
1368
1366
1369
1279
1373
1377
1392
1364
1401
1507
1417
1336
1322
1354
1254
1274
1369
1306
1416
1381
1389
1365
1270
1241
1231
1293
1234
1285
1295
1341
1313
1267
1337
1314
1352
1414
1312
1367
1374
1371
1351
1347
1378
1360
1234
1304
1442
1388
1291
1339
1346
1292
1261
1420
1385
1398
1395
1407
1403
1528
1500
1464
1400
1426
1393
1430
1398
1395
1451
1389
1460
1398
1407
1415
1464
1394
1319
1409
1438
1420
1420
1473
1449
1387
1482
1509
1399
1318
1397
1403
1342
1355
1383
1384
1341
1400
1296
1438
1442
1390
1437
1436
1499
1409
1364
1520
1328
1447
1348
1521
1386
1477
1487
1468
1514
1478
1561
1558
1495
1458
1496
1508
1475
1595
1548
1553
1525
1633
1579
1658
1743
1634
1612
1644
1615
1588
1606
1654
1585
1495
1542
1488
1641
1528
1508
1527
1626
1583
1593
1636
1540
1629
1582
1560
1467
1447
1544
1645
1664
1572
1623
1584
1613
1555
1580
1660
1640
1623
1631
1548
1688
1632
1674
1632
1684
1559
1651
1654
1573
1748
1668
1645
1610
1620
1772
1725
1697
1650
1758
1719
1740
1780
1731
1847
1745
1774
1792
1829
1831
1812
1942
1976
1962
1988
1921
1973
1902
1981
1974
2010
1880
1932
1973
1802
1842
1875
1828
1711
1724
1669
1659
1737
1706
1663
1643
1647
1557
1571
1607
1503
1525
1525
1500
1519
1522
1587
1453
1460
1598
1475
1578
1494
1540
1637
1587
1514
1544
1521
1410
1531
1509
1397
1478
1537
1461
1546
1557
1459
1451
1561
1558
1551
1495
1597
1526
1582
1509
1419
1482
1524
1511
1558
1559
1481
1493
1417
1423
1409
1489
1473
1461
1456
1470
1429
1505
1461
1437
1361
1544
1535
1430
1448
1500
1479
1409
1427
1378
1367
1494
1400
1372
1385
1422
1449
1461
1519
1518
1486
1476
1570
1498
1438
1490
1439
1305
1355
1397
1359
1283
1411
1322
1394
1335
1304
1329
1279
1446
1404
1364
1346
1373
1277
1283
1465
1356
1429
1360
1422
1511
1442
1470
1394
1353
1284
1382
1301
1410
1467
1406
1411
1467
1513
1524
1476
1543
1498
1300
1310
1333
1373
1388
1440
1359
1440
1367
1473
1516
1517
1431
1242
1239
1348
1309
1280
1326
1247
1230
1256
1315
1179
1355
1272
1332
1373
1295
1288
1276
1360
1397
1416
1387
1354
1314
1322
1320
1232
1276
1329
1349
1209
1250
1293
1320
1427
1374
1394
1351
1343
1266
1312
1329
1270
1260
1311
1353
1319
1301
1392
1323
1248
1289
1338
1336
1337
1422
1353
1364
1247
1316
1404
1386
1391
1443
1395
1383
1411
1501
1455
1576
1546
1483
1521
1427
1490
1503
1534
1391
1396
1452
1461
1513
1447
1530
1467
1401
1407
1413
1417
1425
1455
1458
1373
1460
1485
1462
1461
1437
1442
1496
1442
1467
1518
1487
1517
1484
1489
1425
1422
1478
1418
1494
1446
1437
1446
1411
1473
1487
1548
1546
1552
1519
1500
1610
1606
1695
1631
1594
1598
1657
1711
1625
1551
1666
1517
1497
1586
1569
1469
1517
1548
1541
1528
1608
1663
1625
1636
1624
1631
1621
1578
1605
1561
1587
1682
1583
1633
1602
1703
1611
1608
1777
1663
1626
1679
1606
1593
1607
1556
1527
1630
1600
1728
1638
1676
1654
1602
1604
1578
1625
1565
1629
1608
1537
1590
1655
1577
1574
1598
1530
1567
1537
1571
1522
1490
1633
1560
1504
1483
1516
1520
1536
1544
1602
1610
1599
1541
1565
1510
1597
1631
1663
1628
1648
1673
1586
1653
1661
1568
1544
1536
1601
1520
1621
1626
1521
1544
1568
1535
1594
1571
1575
1548
1579
1578
1545
1598
1553
1437
1559
1509
1474
1530
1444
1635
1544
1550
1430
1516
1543
1523
1590
1649
1642
1487
1605
1559
1635
1577
1460
1486
1470
1624
1585
1540
1623
1518
1449
1494
1430
1467
1474
1574
1465
1592
1486
1541
1549
1499
1525
1605
1587
1493
1524
1629
1462
1606
1568
1531
1364
1416
1403
1366
1393
1454
1360
1413
1529
1478
1358
1573
1545
1581
1480
1395
1473
1462
1470
1407
1377
1406
1349
1466
1458
1433
1430
1322
1279
1343
1351
1352
1428
1440
1428
1502
1408
1324
1380
1345
1365
1338
1379
1377
1383
1385
1338
1334
1391
1450
1466
1523
1415
1527
1547
1385
1490
1480
1397
1395
1370
1443
1406
1458
1409
1319
1378
1381
1307
1377
1427
1516
1511
1536
1475
1406
1346
1394
1316
1261
1367
1425
1432
1389
1257
1307
1312
1340
1318
1392
1314
1258
1185
1295
1234
1320
1296
1273
1323
1392
1281
1310
1327
1319
1379
1422
1429
1506
1491
1377
1281
1364
1399
1367
1399
1306
1358
1315
1327
1342
1310
1322
1302
1338
1321
1396
1374
1293
1285
1339
1411
1403
1441
1401
1409
1466
1416
1454
1473
1475
1463
1393
1427
1453
1532
1487
1429
1468
1474
1364
1408
1429
1462
1454
1425
1424
1455
1543
1512
1461
1465
1482
1443
1461
1535
1458
1492
1488
1473
1571
1543
1510
1486
1515
1486
1500
1471
1518
1514
1564
1472
1581
1454
1508
1520
1512
1529
1586
1467
1461
1586
1474
1467
1598
1582
1571
1503
1442
1528
1582
1567
1496
1491
1477
1494
1484
1478
1602
1510
1431
1447
1461
1534
1466
1503
1465
1427
1540
1579
1600
1519
1589
1638
1600
1554
1555
1640
1517
1571
1620
1644
1687
1629
1709
1599
1662
1603
1546
1595
1576
1538
1534
1683
1658
1704
1678
1664
1701
1636
1694
1799
1608
1727
1666
1624
1588
1657
1637
1658
1691
1586
1561
1623
1659
1674
1641
1605
1566
1602
1464
1557
1544
1526
1412
1532
1565
1499
1551
1532
1453
1425
1494
1477
1509
1528
1543
1451
1483
1528
1519
1472
1590
1486
1526
1526
1607
1462
1474
1535
1479
1570
1482
1507
1552
1453
1576
1511
1554
1506
1524
1432
1486
1619
1569
1529
1621
1544
1521
1536
1538
1569
1514
1438
1457
1516
1479
1496
1616
1585
1563
1563
1631
1598
1574
1583
1645
1479
1586
1485
1411
1538
1470
1511
1535
1460
1467
1491
1551
1537
1504
1467
1527
1440
1414
1527
1464
1487
1491
1430
1399
1548
1498
1602
1543
1450
1532
1381
1487
1497
1487
1463
1484
1406
1415
1453
1516
1515
1441
1476
1393
1378
1329
1510
1496
1686
1591
1519
1446
1426
1444
1441
1368
1478
1456
1415
1358
1388
1382
1372
1315
1376
1298
1397
1318
1439
1385
1393
1395
1344
1379
1477
1455
1384
1426
1482
1460
1364
1468
1473
1408
1419
1378
1377
1340
1314
1450
1422
1399
1446
1433
1387
1393
1395
1492
1550
1651
1544
1415
1620
1476
1426
1369
1417
1549
1510
1424
1423
1357
1387
1415
1359
1342
1446
1293
1333
1410
1334
1291
1249
1304
1352
1350
1383
1252
1273
1222
1313
1386
1378
1369
1371
1402
1272
1362
1344
1316
1269
1360
1360
1288
1359
1278
1319
1290
1341
1319
1311
1354
1383
1364
1393
1435
1420
1389
1417
1374
1334
1358
1330
1382
1382
1341
1348
1325
1277
1294
1282
1344
1451
1407
1335
1425
1389
1450
1558
1536
1491
1541
1586
1580
1532
1490
1603
1503
1531
1551
1541
1458
1505
1543
1642
1590
1532
1543
1463
1495
1610
1520
1582
1668
1729
1674
1704
1665
1553
1686
1515
1623
1623
1618
1629
1575
1540
1536
1560
1554
1536
1610
1459
1568
1418
1453
1382
1468
1512
1553
1555
1571
1550
1605
1478
1645
1583
1682
1590
1673
1622
1567
1618
1622
1572
1526
1616
1557
1616
1680
1609
1638
1683
1728
1672
1628
1718
1617
1673
1729
1863
1705
1681
1824
1785
1772
1744
1725
1815
1690
1912
1770
1825
1764
1865
1786
1806
1854
1822
1807
1792
1789
1836
1708
1832
1720
1748
1768
1781
1771
1845
1901
1857
1847
1820
1865
1819
1748
1828
1756
1663
1763
1824
1769
1733
1899
1762
1768
1810
1693
1769
1802
1930
1780
1720
1750
1728
1704
1803
1865
1775
1731
1730
1737
1794
1722
1678
1780
1682
1705
1535
1611
1538
1592
1569
1473
1519
1645
1568
1574
1637
1523
1545
1536
1472
1485
1368
1549
1458
1414
1461
1443
1486
1465
1561
1479
1547
1542
1492
1501
1507
1510
1451
1466
1455
1432
1377
1445
1413
1511
1539
1453
1579
1445
1492
1560
1520
1558
1460
1516
1520
1437
1466
1501
1494
1568
1570
1548
1497
1485
1469
1517
1453
1475
1477
1407
1559
1511
1572
1473
1443
1475
1435
1488
1403
1422
1439
1511
1456
1453
1539
1536
1425
1327
1429
1463
1408
1492
1480
1383
1399
1384
1516
1540
1698
1486
1327
1282
1339
1388
1377
1428
1393
1357
1345
1412
1343
1374
1410
1378
1407
1421
1414
1480
1462
1493
1476
1586
1690
1489
1320
1361
1403
1362
1459
1441
1371
1275
1289
1391
1374
1368
1314
1272
1311
1266
1406
1413
1506
1471
1644
1494
1364
1434
1512
1534
1559
1441
1394
1275
1301
1270
1255
1308
1376
1336
1395
1339
1317
1269
1226
1255
1321
1309
1307
1310
1348
1359
1341
1360
1308
1341
1385
1317
1285
1261
1365
1351
1424
1408
1354
1391
1334
1332
1266
1322
1311
1317
1316
1386
1249
1329
1408
1310
1285
1369
1277
1364
1401
1342
1396
1364
1484
1434
1458
1354
1469
1511
1441
1377
1456
1474
1442
1538
1452
1404
1447
1481
1466
1468
1529
1404
1465
1469
1493
1563
1425
1508
1500
1468
1570
1496
1572
1584
1526
1551
1475
1454
1423
1427
1470
1530
1496
1573
1565
1551
1436
1552
1558
1575
1604
1468
1505
1502
1450
1585
1475
1438
1413
1456
1465
1457
1618
1448
1499
1424
1504
1552
1585
1606
1568
1500
1524
1587
1514
1491
1546
1638
1636
1561
1525
1508
1556
1661
1598
1601
1640
1621
1641
1688
1751
1738
1671
1626
1638
1603
1536
1730
1702
1556
1634
1557
1620
1588
1667
1555
1669
1626
1599
1654
1613
1632
1582
1652
1573
1629
1476
1439
1601
1560
1544
1524
1617
1622
1583
1632
1579
1557
1577
1569
1556
1547
1591
1498
1566
1495
1595
1546
1530
1625
1565
1498
1565
1593
1553
1503
1649
1562
1567
1603
1548
1627
1654
1769
1539
1499
1535
1469
1550
1536
1711
1554
1551
1492
1622
1558
1596
1647
1496
1563
1622
1540
1544
1471
1516
1498
1504
1537
1520
1446
1499
1612
1528
1492
1552
1570
1534
1600
1638
1600
1529
1504
1539
1453
1470
1565
1577
1515
1600
1567
1587
1538
1639
1525
1489
1501
1562
1489
1490
1577
1515
1512
1453
1455
1474
1456
1450
1523
1495
1454
1427
1518
1473
1507
1468
1489
1506
1606
1587
1570
1608
1460
1461
1468
1466
1416
1393
1433
1473
1447
1443
1383
1391
1425
1487
1564
1505
1501
1447
1456
1492
1488
1443
1444
1435
1359
1294
1298
1353
1341
1412
1444
1413
1284
1380
1411
1337
1340
1366
1348
1383
1287
1373
1342
1379
1461
1577
1486
1394
1420
1498
1563
1697
1783
1576
1686
1817
1710
1685
1502
1430
1430
1431
1529
1535
1488
1411
1403
1323
1367
1335
1323
1290
1396
1409
1371
1337
1449
1405
1354
1385
1347
1308
1259
1334
1352
1407
1399
1417
1310
1361
1457
1294
1311
1336
1362
1265
1256
1348
1375
1287
1384
1350
1222
1383
1441
1379
1316
1348
1383
1388
1500
1511
1336
1378
1342
1433
1465
1394
1407
1466
1379
1459
1413
1392
1439
1412
1347
1276
1252
1253
1377
1359
1255
1274
1367
1355
1353
1333
1380
1481
1409
1412
1368
1479
1423
1526
1475
1485
1571
1406
1460
1502
1493
1460
1483
1473
1570
1401
1453
1377
1539
1530
1491
1428
1422
1481
1409
1475
1484
1540
1459
1492
1519
1465
1495
1491
1442
1446
1479
1472
1501
1456
1515
1466
1503
1553
1422
1456
1486
1434
1497
1431
1467
1438
1417
1530
1516
1550
1520
1555
1533
1501
1633
1664
1637
1541
1469
1498
1576
1579
1468
1602
1611
1631
1554
1544
1588
1582
1545
1553
1637
1598
1628
1712
1614
1629
1538
1550
1714
1584
1763
1733
1654
1705
1627
1634
1612
1620
1629
1566
1663
1603
1607
1532
1581
1654
1501
1609
1558
1582
1590
1680
1696
1626
1734
1625
1584
1615
1645
1607
1628
1550
1616
1644
1668
1727
1748
1698
1674
1797
1685
1696
1889
1803
1742
1790
1868
1782
1930
1933
1893
1798
1919
1949
1917
1823
2004
1873
1746
1802
1785
1765
1721
1791
1755
1815
1693
1640
1705
1698
1713
1666
1629
1618
1572
1610
1609
1643
1543
1510
1544
1573
1599
1474
1567
1558
1504
1598
1603
1662
1557
1572
1636
1620
1689
1582
1620
1549
1562
1549
1523
1529
1540
1595
1516
1651
1581
1522
1455
1497
1391
1349
1578
1493
1457
1472
1506
1516
1453
1480
1399
1449
1492
1529
1436
1368
1461
1417
1404
1427
1564
1500
1427
1484
1438
1430
1391
1439
1474
1358
1375
1566
1491
1411
1395
1438
1466
1483
1563
1536
1415
1472
1572
1570
1667
1611
1566
1460
1454
1431
1432
1399
1370
1332
1351
1374
1363
1387
1490
1519
1492
1430
1434
1462
1405
1403
1352
1290
1356
1421
1370
1341
1516
1413
1503
1560
1491
1570
1636
1788
1837
1816
1644
1580
1599
1642
1633
1662
1539
1540
1621
1589
1515
1539
1673
1807
1647
1599
1653
1826
1726
1368
1294
1307
1328
1297
1332
1380
1427
1515
1404
1366
1329
1301
1378
1429
1280
1357
1379
1344
1280
1352
1284
1369
1314
1286
1336
1258
1336
1262
1382
1359
1272
1272
1257
1350
1362
1377
1329
1474
1335
1302
1394
1364
1388
1466
1352
1368
1355
1427
1359
1384
1392
1445
1443
1521
1408
1438
1391
1434
1428
1381
1410
1404
1400
1356
1342
1320
1346
1405
1393
1358
1289
1418
1486
1481
1461
1441
1479
1510
1521
1339
1480
1484
1548
1412
1515
1509
1553
1559
1528
1527
1572
1562
1496
1523
1532
1499
1575
1509
1435
1463
1515
1441
1432
1524
1494
1528
1591
1516
1437
1509
1618
1512
1577
1549
1649
1607
1573
1500
1517
1553
1513
1521
1459
1567
1697
1659
1600
1559
1555
1659
1640
1675
1603
1594
1708
1618
1603
1642
1625
1566
1687
1641
1691
1608
1576
1631
1582
1539
1585
1611
1564
1572
1736
1544
1578
1564
1535
1523
1515
1572
1557
1575
1583
1609
1636
1559
1626
1612
1490
1585
1544
1576
1528
1602
1578
1551
1510
1649
1565
1541
1616
1509
1521
1575
1536
1468
1537
1617
1563
1601
1517
1466
1563
1549
1438
1526
1472
1494
1586
1590
1623
1602
1588
1536
1594
1548
1602
1533
1644
1671
1550
1570
1659
1553
1565
1651
1651
1549
1547
1532
1568
1569
1608
1678
1666
1639
1629
1626
1577
1709
1732
1677
1694
1704
1561
1490
1636
1563
1559
1585
1593
1586
1662
1572
1608
1558
1570
1533
1610
1471
1613
1586
1588
1610
1573
1559
1555
1576
1617
1554
1571
1584
1565
1559
1592
1623
1579
1520
1469
1487
1495
1539
1457
1544
1534
1564
1412
1463
1562
1406
1491
1467
1410
1470
1432
1525
1536
1487
1480
1360
1521
1477
1519
1489
1398
1456
1477
1448
1370
1496
1406
1383
1458
1529
1483
1438
1506
1459
1429
1461
1480
1478
1455
1524
1490
1518
1576
1482
1499
1470
1534
1522
1535
1581
1374
1366
1304
1338
1418
1393
1446
1355
1387
1331
1411
1370
1299
1338
1401
1495
1525
1582
1622
1478
1400
1365
1331
1333
1286
1361
1373
1338
1376
1399
1357
1503
1478
1395
1274
1264
1343
1392
1580
1445
1372
1322
1364
1313
1291
1273
1299
1274
1347
1288
1302
1277
1287
1315
1261
1357
1360
1331
1408
1468
1465
1501
1413
1294
1324
1275
1319
1358
1282
1346
1371
1355
1354
1357
1284
1285
1221
1247
1303
1287
1404
1264
1329
1379
1351
1354
1265
1398
1354
1323
1422
1359
1374
1401
1412
1343
1380
1405
1468
1452
1526
1538
1363
1393
1447
1480
1461
1397
1524
1516
1533
1472
1424
1448
1414
1557
1469
1480
1528
1400
1450
1379
1517
1442
1533
1555
1476
1375
1379
1467
1524
1496
1491
1459
1555
1406
1533
1542
1449
1491
1476
1485
1449
1463
1398
1452
1418
1427
1423
1461
1433
1461
1438
1503
1563
1461
1470
1524
1427
1428
1408
1443
1435
1492
1530
1514
1357
1463
1408
1541
1431
1531
1435
1531
1525
1572
1491
1470
1528
1563
1472
1530
1551
1661
1529
1607
1558
1614
1628
1628
1592
1621
1648
1686
1760
1726
1674
1726
1711
1907
1865
1853
1915
1880
1870
1839
1866
1870
1914
1984
2062
2034
1938
2106
1878
1885
1841
1872
1807
1813
1821
1777
1765
1712
1636
1666
1640
1687
1674
1720
1703
1631
1670
1543
1634
1663
1610
1686
1649
1653
1647
1674
1671
1636
1749
1734
1774
1693
1849
1758
1719
1743
1796
1755
1608
1804
1732
1678
1578
1583
1637
1669
1715
1698
1537
1613
1656
1641
1700
1675
1660
1617
1624
1678
1656
1660
1635
1609
1629
1610
1580
1627
1611
1678
1720
1669
1629
1556
1538
1512
1506
1545
1572
1531
1570
1514
1469
1496
1531
1568
1448
1458
1474
1456
1593
1490
1404
1431
1397
1421
1385
1579
1513
1472
1481
1450
1438
1416
1542
1467
1477
1487
1421
1468
1365
1510
1477
1418
1438
1575
1533
1435
1450
1481
1439
1397
1497
1507
1533
1417
1448
1421
1367
1442
1425
1462
1490
1502
1476
1458
1288
1272
1297
1391
1336
1404
1381
1419
1322
1367
1403
1404
1409
1364
1364
1351
1338
1384
1421
1389
1384
1392
1373
1407
1524
1500
1570
1481
1425
1424
1345
1440
1421
1419
1329
1429
1462
1543
1472
1336
1358
1402
1328
1294
1226
1367
1285
1442
1483
1377
1372
1285
1383
1234
1274
1221
1362
1305
1337
1361
1325
1252
1312
1379
1368
1313
1349
1376
1485
1384
1321
1230
1301
1374
1271
1346
1381
1290
1314
1231
1289
1259
1324
1337
1307
1401
1251
1287
1323
1306
1322
1333
1202
1256
1399
1347
1354
1404
1444
1316
1381
1316
1347
1368
1410
1355
1370
1306
1370
1361
1352
1376
1276
1371
1353
1357
1341
1368
1390
1392
1383
1297
1393
1260
1363
1289
1344
1415
1370
1416
1439
1379
1383
1400
1475
1413
1498
1463
1408
1422
1503
1484
1545
1546
1514
1497
1573
1580
1600
1635
1693
1633
1550
1514
1586
1596
1534
1465
1555
1568
1566
1441
1505
1470
1661
1566
1611
1596
1576
1569
1646
1619
1632
1601
1586
1683
1575
1632
1702
1631
1577
1557
1525
1578
1519
1556
1449
1491
1391
1560
1501
1510
1546
1534
1530
1522
1581
1606
1486
1577
1607
1550
1610
1569
1555
1546
1640
1600
1659
1761
1719
1718
1597
1735
1684
1724
1651
1684
1764
1649
1692
1687
1627
1592
1560
1626
1578
1653
1633
1621
1601
1556
1560
1547
1782
1688
1711
1627
1780
1731
1646
1732
1733
1697
1706
1774
1863
1737
1864
1912
1851
1868
1940
1936
1974
2065
2088
1990
1967
1993
1892
2006
2025
1975
1889
1963
1915
2073
2023
2070
2054
1999
1850
1873
1792
1823
1778
1814
1763
1759
1756
1745
1714
1729
1713
1605
1599
1521
1561
1550
1626
1625
1573
1566
1566
1590
1434
1522
1565
1601
1555
1522
1469
1514
1555
1494
1518
1539
1555
1474
1542
1535
1608
1552
1535
1538
1422
1443
1531
1496
1477
1459
1478
1412
1385
1520
1500
1410
1413
1545
1410
1418
1485
1465
1402
1373
1492
1421
1400
1471
1559
1335
1458
1362
1432
1392
1430
1511
1388
1357
1398
1330
1232
1440
1396
1327
1290
1338
1324
1386
1434
1453
1399
1428
1328
1382
1354
1460
1477
1370
1383
1391
1478
1492
1569
1483
1432
1392
1471
1545
1428
1446
1356
1404
1490
1633
1627
1615
1526
1461
1422
1394
1367
1273
1298
1372
1283
1260
1355
1309
1361
1282
1318
1398
1427
1389
1378
1364
1300
1392
1344
1341
1303
1393
1267
1343
1537
1477
1377
1413
1359
1350
1510
1490
1297
1353
1338
1335
1317
1338
1388
1298
1300
1255
1298
1370
1335
1387
1287
1234
1300
1249
1244
1205
1306
1335
1192
1304
1243
1332
1272
1351
1317
1431
1301
1370
1399
1314
1339
1426
1372
1368
1348
1357
1432
1518
1452
1359
1266
1323
1395
1381
1371
1316
1340
1382
1271
1346
1412
1470
1438
1404
1388
1381
1433
1418
1448
1353
1333
1390
1320
1332
1358
1344
1370
1419
1291
1349
1377
1336
1363
1361
1457
1371
1403
1371
1338
1444
1439
1387
1399
1421
1488
1411
1445
1463
1442
1464
1396
1367
1455
1438
1379
1477
1479
1428
1441
1439
1448
1431
1335
1411
1412
1446
1408
1395
1418
1467
1427
1363
1460
1461
1446
1498
1427
1464
1485
1440
1454
1520
1475
1444
1464
1448
1418
1522
1539
1451
1447
1469
1546
1471
1429
1507
1562
1603
1654
1644
1604
1565
1606
1582
1572
1671
1644
1470
1462
1668
1625
1597
1571
1599
1620
1529
1597
1661
1723
1810
1765
1654
1726
1702
1779
1716
1735
1721
1708
1580
1709
1674
1622
1695
1630
1566
1650
1616
1690
1549
1681
1585
1599
1531
1637
1587
1568
1551
1521
1437
1462
1498
1466
1487
1534
1517
1572
1465
1559
1589
1555
1561
1577
1569
1505
1577
1528
1489
1445
1488
1440
1469
1468
1466
1505
1517
1496
1467
1363
1460
1505
1502
1493
1496
1476
1499
1550
1458
1456
1449
1436
1436
1320
1424
1417
1455
1438
1453
1384
1422
1509
1466
1441
1489
1462
1362
1333
1444
1440
1465
1387
1446
1504
1500
1463
1475
1406
1507
1519
1473
1371
1427
1456
1406
1434
1431
1434
1395
1461
1450
1502
1429
1376
1467
1406
1426
1373
1346
1387
1540
1327
1388
1417
1358
1442
1460
1372
1402
1328
1514
1440
1451
1304
1436
1355
1369
1440
1384
1483
1357
1326
1410
1272
1303
1305
1388
1388
1399
1387
1397
1447
1354
1354
1348
1403
1404
1353
1497
1376
1401
1389
1455
1393
1423
1637
1703
1474
1440
1504
1489
1514
1666
1579
1415
1294
1315
1359
1373
1410
1410
1450
1398
1323
1197
1244
1332
1279
1252
1333
1347
1311
1217
1332
1292
1350
1337
1280
1369
1243
1387
1233
1290
1236
1301
1298
1279
1400
1312
1359
1416
1493
1489
1507
1527
1428
1307
1319
1467
1444
1289
1316
1199
1263
1150
1243
1290
1214
1354
1352
1298
1326
1291
1231
1264
1348
1270
1271
1288
1256
1335
1352
1392
1352
1331
1416
1403
1345
1352
1390
1275
1274
1195
1223
1326
1239
1294
1280
1339
1296
1353
1352
1329
1486
1419
1346
1306
1383
1459
1309
1363
1444
1414
1455
1532
1399
1413
1478
1428
1392
1443
1391
1415
1401
1481
1460
1423
1416
1438
1330
1400
1497
1382
1359
1329
1413
1432
1458
1500
1462
1404
1525
1487
1442
1446
1508
1449
1439
1429
1427
1372
1405
1549
1560
1456
1497
1569
1424
1339
1519
1502
1546
1497
1439
1539
1524
1558
1496
1483
1488
1595
1571
1530
1629
1658
1629
1669
1570
1505
1419
1554
1476
1463
1496
1559
1560
1519
1490
1495
1507
1481
1622
1587
1541
1577
1513
1555
1511
1503
1494
1467
1629
1561
1489
1518
1523
1456
1483
1558
1383
1457
1536
1450
1477
1426
1525
1502
1486
1514
1498
1478
1421
1522
1498
1459
1468
1547
1483
1440
1478
1521
1495
1473
1538
1418
1500
1510
1579
1516
1486
1463
1523
1428
1493
1527
1518
1505
1514
1478
1517
1511
1528
1518
1548
1580
1568
1516
1706
1628
1445
1556
1572
1581
1521
1606
1595
1623
1533
1530
1571
1513
1608
1502
1422
1445
1579
1482
1425
1524
1508
1532
1497
1470
1493
1514
1458
1503
1503
1505
1473
1460
1438
1557
1533
1420
1486
1491
1458
1486
1534
1431
1452
1427
1424
1424
1458
1432
1387
1374
1410
1384
1385
1359
1488
1447
1402
1380
1414
1429
1484
1428
1351
1331
1331
1374
1263
1437
1412
1347
1356
1330
1349
1352
1355
1365
1482
1401
1407
1300
1369
1315
1341
1316
1297
1404
1371
1374
1305
1425
1378
1379
1349
1424
1375
1398
1448
1408
1418
1318
1352
1315
1385
1393
1411
1354
1355
1342
1326
1387
1411
1383
1354
1433
1396
1287
1222
1371
1374
1298
1305
1301
1370
1367
1439
1365
1387
1279
1336
1306
1309
1338
1373
1345
1349
1423
1460
1356
1310
1313
1312
1305
1346
1272
1243
1373
1355
1347
1246
1330
1321
1317
1519
1398
1405
1352
1293
1317
1348
1383
1391
1398
1351
1335
1317
1221
1238
1237
1299
1301
1251
1330
1339
1287
1271
1235
1282
1280
1303
1322
1365
1361
1365
1334
1272
1315
1238
1318
1314
1324
1269
1353
1280
1329
1414
1371
1382
1351
1305
1327
1349
1457
1415
1404
1357
1389
1371
1353
1452
1471
1408
1413
1452
1370
1437
1449
1487
1420
1387
1440
1485
1421
1467
1548
1445
1454
1404
1384
1367
1473
1376
1339
1383
1399
1434
1368
1428
1385
1456
1394
1390
1416
1453
1462
1456
1448
1448
1480
1435
1447
1452
1493
1370
1467
1441
1492
1432
1490
1439
1443
1552
1479
1516
1466
1642
1539
1587
1569
1560
1483
1587
1502
1510
1466
1519
1525
1562
1487
1556
1503
1512
1523
1509
1583
1536
1586
1621
1582
1536
1593
1616
1665
1689
1565
1636
1541
1526
1523
1581
1637
1652
1662
1696
1642
1632
1638
1676
1599
1664
1537
1594
1479
1495
1505
1551
1470
1440
1534
1572
1461
1577
1422
1586
1557
1541
1508
1505
1554
1461
1472
1603
1572
1587
1536
1579
1594
1559
1591
1549
1547
1559
1557
1516
1614
1619
1587
1548
1469
1592
1515
1514
1457
1523
1514
1499
1549
1576
1555
1493
1576
1466
1503
1522
1491
1487
1403
1424
1367
1513
1466
1442
1476
1512
1403
1388
1409
1501
1434
1439
1413
1462
1483
1392
1484
1503
1447
1467
1463
1490
1361
1399
1461
1415
1383
1400
1462
1440
1509
1457
1441
1333
1335
1389
1353
1320
1408
1418
1378
1412
1411
1381
1486
1330
1360
1356
1432
1381
1453
1441
1410
1444
1414
1527
1486
1299
1338
1397
1431
1423
1329
1354
1292
1298
1368
1386
1399
1428
1459
1429
1500
1302
1462
1372
1379
1408
1326
1365
1300
1333
1341
1296
1250
1297
1293
1334
1333
1283
1415
1392
1419
1492
1432
1443
1389
1393
1379
1406
1444
1477
1429
1361
1368
1388
1396
1373
1379
1283
1288
1339
1328
1253
1227
1259
1394
1458
1446
1318
1256
1296
1318
1360
1284
1294
1342
1341
1458
1439
1357
1462
1511
1634
1669
1527
1447
1333
1328
1296
1331
1399
1345
1323
1295
1302
1317
1335
1328
1370
1265
1295
1431
1275
1304
1264
1348
1374
1417
1280
1235
1322
1403
1473
1371
1296
1227
1235
1289
1272
1233
1217
1267
1300
1329
1229
1266
1236
1308
1357
1358
1338
1405
1399
1371
1437
1335
1302
1380
1384
1318
1408
1493
1355
1414
1327
1346
1305
1321
1300
1316
1338
1340
1361
1373
1367
1362
1382
1448
1428
1407
1449
1459
1530
1458
1489
1475
1495
1405
1487
1503
1505
1467
1583
1501
1436
1506
1497
1446
1367
1455
1450
1421
1522
1425
1346
1416
1432
1423
1410
1432
1404
1428
1369
1351
1454
1454
1484
1414
1332
1450
1438
1443
1400
1454
1457
1450
1412
1408
1470
1464
1528
1511
1464
1523
1537
1476
1581
1547
1568
1567
1614
1552
1657
1658
1674
1810
1858
1869
1811
1861
1807
1862
1739
1777
1768
1830
1768
1749
1899
1922
1840
1772
1761
1807
1900
1868
1938
2013
1965
1975
1964
1820
2012
1906
1851
1867
1907
1862
1771
1920
1819
1825
1827
1715
1745
1628
1696
1720
1721
1734
1706
1641
1600
1754
1655
1634
1661
1635
1671
1535
1639
1568
1580
1530
1602
1544
1419
1568
1578
1596
1631
1510
1636
1501
1553
1535
1465
1502
1441
1517
1376
1459
1475
1481
1453
1492
1390
1460
1472
1488
1453
1471
1550
1385
1407
1539
1414
1435
1393
1498
1439
1431
1408
1480
1424
1496
1469
1358
1289
1423
1411
1437
1377
1328
1421
1475
1544
1527
1487
1416
1464
1445
1498
1344
1483
1455
1484
1450
1365
1354
1322
1518
1384
1532
1448
1537
1368
1502
1434
1366
1367
1462
1346
1342
1498
1373
1489
1461
1431
1383
1318
1356
1277
1475
1335
1309
1277
1270
1347
1325
1358
1319
1329
1329
1343
1345
1269
1363
1225
1308
1284
1207
1283
1289
1267
1411
1375
1374
1303
1399
1352
1355
1303
1298
1318
1286
1332
1358
1286
1280
1342
1308
1371
1383
1299
1366
1370
1306
1245
1264
1373
1512
1450
1373
1354
1331
1291
1266
1252
1229
1293
1272
1314
1306
1365
1296
1243
1363
1443
1428
1512
1519
1393
1325
1350
1370
1463
1557
1568
1461
1357
1381
1386
1454
1274
1394
1336
1420
1522
1670
1761
1741
1436
1288
1270
1231
1310
1324
1348
1416
1330
1333
1269
1228
1217
1202
1281
1221
1225
1285
1369
1404
1301
1315
1242
1265
1275
1182
1257
1189
1253
1252
1249
1212
1230
1231
1221
1281
1330
1272
1281
1324
1388
1325
1327
1273
1288
1301
1381
1390
1289
1261
1265
1352
1363
1292
1382
1538
1483
1405
1376
1298
1291
1390
1359
1348
1390
1347
1489
1536
1557
1487
1479
1394
1417
1339
1465
1289
1293
1376
1375
1365
1350
1371
1398
1363
1530
1443
1398
1349
1456
1407
1346
1457
1373
1373
1429
1553
1480
1470
1507
1453
1422
1446
1397
1420
1347
1431
1447
1446
1340
1425
1447
1487
1480
1451
1501
1365
1366
1403
1386
1525
1531
1465
1438
1527
1552
1516
1557
1526
1568
1467
1577
1489
1491
1531
1524
1613
1648
1585
1665
1634
1640
1654
1661
1663
1644
1581
1586
1547
1642
1662
1573
1560
1570
1492
1537
1534
1612
1567
1526
1419
1472
1464
1552
1530
1470
1440
1531
1455
1508
1463
1377
1449
1468
1560
1482
1585
1569
1618
1524
1502
1548
1496
1640
1648
1647
1592
1775
1699
1681
1701
1774
1677
1640
1769
1719
1662
1712
1724
1639
1651
1664
1588
1637
1690
1626
1635
1572
1564
1541
1570
1567
1620
1551
1510
1499
1543
1406
1528
1570
1548
1455
1489
1413
1402
1425
1409
1420
1479
1430
1387
1329
1444
1395
1458
1448
1348
1344
1371
1457
1553
1436
1440
1485
1374
1348
1450
1460
1447
1452
1507
1440
1360
1413
1365
1378
1422
1384
1423
1292
1425
1387
1443
1414
1453
1408
1406
1490
1476
1368
1458
1296
1351
1431
1437
1467
1353
1431
1461
1315
1395
1420
1316
1301
1341
1340
1385
1339
1413
1534
1539
1400
1286
1341
1388
1360
1369
1397
1406
1324
1326
1325
1346
1329
1336
1392
1405
1302
1292
1361
1355
1336
1330
1371
1383
1401
1282
1269
1314
1343
1365
1431
1422
1444
1404
1358
1306
1248
1232
1306
1398
1404
1383
1400
1458
1389
1383
1462
1298
1363
1495
1431
1368
1286
1280
1306
1300
1276
1345
1365
1238
1361
1325
1381
1257
1247
1325
1227
1385
1411
1324
1283
1272
1265
1308
1406
1466
1369
1298
1253
1241
1326
1351
1339
1308
1373
1381
1300
1213
1184
1252
1352
1388
1326
1363
1306
1369
1363
1376
1349
1333
1417
1351
1316
1299
1321
1365
1297
1240
1272
1300
1390
1371
1318
1243
1260
1271
1387
1295
1269
1259
1315
1314
1314
1269
1303
1306
1284
1266
1283
1406
1311
1395
1366
1325
1428
1379
1324
1420
1391
1442
1450
1490
1481
1453
1459
1368
1429
1430
1424
1429
1384
1495
1443
1523
1500
1435
1437
1441
1507
1461
1494
1499
1502
1495
1507
1548
1433
1405
1479
1494
1490
1454
1451
1670
1447
1487
1447
1473
1418
1467
1461
1464
1431
1489
1480
1431
1542
1467
1492
1468
1446
1450
1456
1481
1458
1411
1521
1462
1439
1456
1529
1561
1468
1538
1505
1591
1531
1660
1627
1584
1634
1658
1635
1582
1607
1658
1592
1617
1736
1648
1631
1686
1691
1823
1760
1795
1696
1766
1720
1782
1780
1654
1746
1677
1671
1680
1630
1680
1688
1619
1613
1586
1735
1602
1584
1610
1685
1641
1687
1688
1690
1636
1657
1666
1630
1616
1782
1623
1650
1621
1591
1532
1632
1719
1553
1620
1634
1555
1517
1465
1545
1543
1545
1596
1532
1566
1527
1583
1547
1606
1537
1516
1505
1573
1530
1468
1541
1545
1518
1454
1424
1456
1460
1421
1422
1507
1450
1425
1452
1407
1416
1459
1438
1447
1386
1404
1421
1361
1483
1434
1311
1330
1432
1500
1477
1444
1362
1432
1399
1376
1423
1453
1395
1440
1392
1460
1448
1461
1459
1432
1454
1431
1357
1436
1447
1373
1404
1458
1365
1422
1414
1322
1335
1328
1409
1391
1365
1403
1312
1452
1343
1381
1363
1365
1347
1369
1427
1427
1455
1427
1392
1414
1395
1306
1282
1294
1367
1344
1279
1333
1388
1309
1332
1230
1244
1309
1218
1211
1181
1248
1294
1315
1282
1335
1312
1272
1321
1296
1329
1420
1458
1296
1332
1285
1280
1323
1304
1335
1322
1372
1342
1361
1344
1426
1450
1344
1276
1371
1304
1173
1277
1303
1277
1335
1341
1340
1318
1300
1313
1414
1429
1307
1339
1429
1552
1550
1361
1252
1394
1315
1300
1345
1362
1353
1484
1495
1504
1452
1477
1279
1345
1362
1457
1576
1471
1369
1291
1199
1276
1262
1330
1257
1362
1283
1352
1368
1260
1282
1209
1295
1269
1412
1365
1362
1222
1212
1262
1180
1321
1230
1348
1263
1339
1347
1362
1344
1399
1382
1311
1288
1395
1354
1350
1381
1298
1283
1245
1398
1388
1267
1375
1354
1383
1343
1351
1389
1271
1331
1305
1341
1380
1353
1383
1369
1379
1344
1423
1411
1334
1391
1374
1462
1404
1364
1395
1476
1465
1435
1394
1518
1449
1437
1455
1495
1493
1489
1492
1476
1365
1500
1512
1419
1506
1383
1391
1327
1393
1386
1358
1391
1401
1382
1415
1463
1425
1436
1386
1438
1450
1427
1479
1370
1361
1302
1432
1426
1438
1367
1352
1436
1426
1382
1389
1398
1431
1438
1399
1353
1424
1430
1405
1479
1537
1475
1412
1452
1397
1383
1475
1388
1459
1455
1517
1521
1449
1608
1570
1554
1549
1535
1585
1608
1718
1807
1746
1804
1710
1643
1703
1666
1653
1658
1605
1593
1553
1480
1553
1599
1539
1560
1592
1503
1521
1472
1458
1493
1404
1553
1519
1398
1430
1446
1569
1468
1517
1471
1490
1543
1537
1489
1508
1542
1632
1490
1581
1538
1558
1657
1517
1531
1561
1522
1650
1569
1586
1573
1619
1591
1671
1765
1595
1706
1675
1726
1641
1728
1616
1677
1594
1726
1718
1607
1653
1695
1626
1577
1651
1556
1579
1527
1471
1542
1506
1494
1471
1408
1469
1541
1477
1559
1468
1464
1430
1499
1533
1440
1487
1422
1403
1423
1417
1564
1417
1435
1431
1426
1439
1510
1520
1446
1457
1447
1486
1394
1447
1375
1424
1482
1441
1364
1329
1388
1422
1358
1379
1375
1364
1393
1429
1456
1334
1303
1368
1237
1358
1439
1401
1389
1359
1319
1338
1336
1474
1413
1399
1424
1288
1287
1304
1304
1332
1410
1370
1370
1394
1357
1504
1462
1494
1461
1305
1206
1216
1289
1316
1335
1301
1282
1328
1363
1354
1322
1352
1260
1375
1348
1411
1403
1404
1354
1388
1315
1279
1347
1331
1279
1302
1301
1349
1356
1236
1268
1264
1333
1391
1435
1375
1297
1349
1290
1188
1235
1308
1388
1335
1245
1341
1344
1410
1452
1332
1243
1277
1373
1406
1358
1317
1341
1336
1296
1335
1307
1269
1258
1345
1289
1362
1299
1423
1363
1352
1353
1379
1380
1288
1232
1303
1283
1256
1276
1336
1352
1264
1363
1292
1356
1291
1315
1444
1420
1341
1315
1339
1333
1337
1370
1339
1319
1301
1353
1372
1499
1389
1383
1367
1337
1299
1349
1304
1339
1429
1412
1356
1384
1442
1515
1499
1437
1374
1378
1393
1332
1406
1512
1427
1399
1420
1323
1338
1367
1364
1357
1406
1447
1378
1401
1504
1478
1505
1429
1435
1489
1443
1414
1521
1525
1419
1393
1382
1375
1390
1425
1399
1421
1420
1421
1417
1423
1368
1458
1396
1584
1414
1430
1542
1508
1541
1581
1492
1517
1582
1610
1649
1638
1623
1610
1683
1623
1641
1669
1809
1631
1713
1677
1614
1756
1657
1718
1650
1740
1834
1693
1846
1699
1629
1745
1622
1659
1757
1829
1803
1798
1742
1780
1802
1681
1817
1820
1744
1754
1695
1564
1665
1746
1598
1652
1665
1581
1543
1536
1593
1505
1541
1577
1472
1605
1484
1585
1533
1566
1560
1574
1460
1480
1534
1480
1629
1564
1643
1504
1408
1486
1538
1522
1478
1481
1512
1494
1463
1525
1538
1539
1571
1492
1478
1488
1578
1554
1538
1565
1541
1441
1563
1548
1457
1481
1454
1496
1416
1521
1462
1553
1468
1478
1350
1383
1465
1395
1345
1397
1417
1442
1449
1415
1396
1405
1389
1434
1379
1340
1360
1457
1410
1394
1459
1289
1354
1352
1425
1368
1431
1369
1386
1400
1475
1420
1435
1350
1526
1500
1474
1450
1480
1503
1499
1436
1493
1484
1516
1458
1423
1452
1441
1456
1350
1412
1347
1367
1335
1369
1389
1309
1387
1275
1357
1347
1355
1377
1316
1416
1350
1311
1343
1330
1329
1342
1342
1387
1329
1313
1300
1310
1334
1378
1435
1468
1385
1301
1326
1314
1301
1407
1327
1312
1327
1258
1291
1328
1326
1384
1417
1446
1411
1365
1305
1322
1347
1374
1417
1458
1329
1288
1347
1363
1329
1436
1449
1474
1526
1437
1332
1283
1296
1247
1385
1403
1488
1506
1419
1361
1516
1385
1386
1401
1274
1315
1373
1417
1466
1484
1454
1499
1539
1443
1496
1450
1409
1364
1405
1511
1570
1487
1449
1460
1429
1369
1350
1241
1276
1153
1323
1342
1340
1250
1329
1295
1384
1382
1375
1296
1295
1286
1324
1211
1286
1276
1355
1376
1283
1261
1331
1324
1340
1395
1367
1280
1313
1334
1386
1315
1339
1303
1324
1327
1323
1465
1465
1440
1446
1386
1425
1407
1432
1369
1431
1470
1393
1404
1314
1384
1338
1336
1326
1381
1444
1479
1506
1397
1448
1414
1383
1385
1476
1403
1402
1398
1485
1345
1441
1326
1469
1376
1454
1360
1383
1398
1419
1429
1356
1402
1429
1400
1458
1326
1393
1492
1460
1410
1354
1357
1327
1421
1376
1402
1436
1415
1394
1369
1378
1372
1377
1377
1383
1360
1336
1439
1443
1391
1369
1424
1404
1340
1470
1372
1476
1379
1411
1480
1351
1417
1459
1371
1446
1424
1405
1442
1474
1537
1448
1480
1464
1416
1599
1655
1610
1621
1528
1589
1537
1561
1571
1583
1646
1655
1588
1636
1639
1665
1634
1636
1599
1546
1548
1526
1547
1642
1610
1551
1656
1518
1546
1521
1532
1557
1527
1526
1560
1481
1523
1458
1467
1553
1538
1466
1428
1517
1502
1524
1458
1478
1440
1433
1515
1417
1451
1473
1443
1389
1380
1472
1485
1412
1485
1408
1508
1411
1432
1452
1435
1546
1539
1468
1454
1541
1471
1428
1453
1498
1541
1517
1561
1545
1547
1486
1510
1529
1389
1496
1500
1515
1537
1549
1473
1435
1551
1460
1532
1469
1479
1512
1599
1577
1573
1432
1547
1530
1470
1449
1516
1520
1529
1536
1457
1501
1494
1507
1554
1575
1498
1502
1480
1513
1613
1545
1545
1545
1593
1487
1471
1442
1606
1525
1520
1519
1510
1410
1456
1535
1461
1422
1404
1357
1277
1399
1397
1411
1384
1350
1360
1351
1389
1415
1450
1393
1331
1364
1363
1460
1423
1281
1322
1255
1281
1283
1373
1379
1368
1364
1391
1387
1351
1318
1416
1310
1331
1397
1449
1393
1481
1449
1438
1425
1325
1388
1325
1487
1542
1544
1440
1530
1606
1426
1442
1334
1266
1263
1373
1453
1516
1623
1474
1419
1444
1365
1312
1331
1363
1287
1424
1473
1682
1488
1216
1334
1421
1448
1456
1377
1371
1372
1460
1524
1490
1538
1480
1481
1398
1371
1291
1166
1372
1423
1414
1295
1287
1278
1277
1348
1401
1485
1357
1348
1352
1320
1300
1232
1289
1277
1341
1303
1292
1348
1286
1333
1321
1317
1322
1296
1380
1359
1399
1395
1397
1292
1314
1304
1383
1389
1310
1387
1379
1288
1425
1384
1404
1414
1328
1427
1442
1433
1378
1387
1432
1495
1452
1502
1343
1378
1352
1351
1494
1446
1442
1427
1401
1358
1318
1451
1417
1401
1344
1323
1341
1271
1475
1473
1349
1473
1485
1367
1353
1348
1400
1329
1365
1405
1316
1350
1406
1466
1498
1528
1483
1488
1489
1547
1429
1442
1470
1462
1386
1366
1499
1436
1466
1482
1507
1502
1402
1473
1455
1470
1429
1476
1462
1417
1522
1494
1475
1541
1576
1504
1463
1502
1520
1587
1622
1605
1594
1603
1777
1652
1796
1781
1796
1741
1680
1726
1779
1766
1830
1784
1703
1710
1875
1830
1787
1735
1745
1718
1745
1782
1746
1785
1675
1681
1611
1613
1587
1576
1577
1545
1644
1611
1571
1632
1596
1597
1492
1512
1596
1596
1672
1596
1613
1577
1630
1569
1538
1584
1676
1668
1578
1646
1620
1565
1698
1631
1539
1608
1603
1572
1573
1594
1634
1598
1570
1689
1646
1575
1679
1632
1586
1526
1535
1543
1552
1559
1526
1521
1579
1561
1536
1493
1609
1549
1533
1565
1669
1548
1467
1546
1516
1564
1578
1577
1522
1549
1537
1467
1497
1401
1505
1500
1391
1505
1458
1515
1542
1534
1489
1419
1438
1600
1579
1547
1574
1378
1562
1539
1418
1539
1464
1534
1507
1512
1566
1501
1450
1432
1411
1485
1409
1487
1439
1314
1438
1391
1411
1391
1494
1460
1366
1394
1424
1425
1351
1376
1359
1455
1423
1507
1469
1333
1393
1384
1379
1443
1446
1367
1380
1394
1366
1378
1451
1474
1422
1312
1345
1351
1457
1529
1546
1472
1416
1453
1424
1468
1412
1329
1248
1362
1433
1339
1346
1385
1332
1270
1277
1359
1255
1361
1358
1345
1395
1236
1370
1279
1314
1416
1329
1311
1317
1370
1310
1346
1353
1384
1327
1384
1390
1409
1449
1409
1385
1365
1351
1498
1544
1377
1332
1381
1361
1329
1334
1372
1294
1346
1257
1260
1301
1343
1309
1226
1258
1323
1333
1332
1267
1260
1248
1195
1265
1327
1322
1387
1389
1301
1319
1310
1240
1201
1294
1243
1249
1318
1251
1241
1256
1328
1341
1312
1284
1316
1265
1357
1401
1332
1328
1336
1307
1313
1300
1313
1326
1423
1436
1419
1445
1332
1389
1391
1363
1418
1431
1357
1390
1471
1425
1340
1339
1392
1414
1356
1316
1405
1376
1367
1390
1398
1365
1353
1425
1374
1364
1363
1368
1344
1444
1432
1474
1358
1364
1392
1408
1377
1337
1299
1366
1386
1346
1431
1406
1406
1414
1471
1418
1353
1408
1379
1444
1406
1435
1423
1422
1429
1508
1488
1440
1370
1504
1459
1441
1517
1501
1525
1464
1510
1633
1455
1504
1543
1556
1466
1626
1527
1480
1549
1548
1576
1595
1728
1613
1619
1658
1727
1705
1789
1777
1680
1688
1735
1689
1626
1722
1735
1879
1861
1957
1969
1995
2095
2132
2110
2077
2242
2115
2048
2100
2128
2027
1943
2013
2012
1981
2002
1983
1887
1892
1908
1761
1796
1733
1698
1711
1630
1668
1640
1672
1603
1625
1595
1641
1686
1674
1639
1644
1634
1717
1586
1688
1630
1577
1626
1615
1578
1556
1655
1624
1565
1621
1510
1575
1509
1554
1570
1593
1497
1429
1582
1532
1547
1489
1480
1484
1459
1456
1471
1439
1474
1525
1415
1428
1385
1426
1509
1518
1451
1444
1393
1414
1417
1481
1447
1448
1422
1464
1455
1303
1460
1522
1458
1547
1453
1460
1436
1466
1426
1508
1513
1511
1491
1410
1496
1463
1418
1387
1516
1468
1399
1497
1451
1415
1479
1522
1500
1438
1458
1411
1435
1383
1468
1449
1507
1458
1391
1358
1348
1409
1337
1275
1383
1435
1421
1422
1417
1352
1362
1323
1340
1281
1367
1282
1304
1334
1342
1427
1387
1305
1371
1406
1266
1335
1348
1322
1304
1346
1377
1346
1344
1452
1432
1284
1284
1232
1196
1288
1325
1281
1284
1242
1269
1227
1338
1214
1290
1334
1333
1326
1353
1353
1355
1333
1348
1319
1353
1278
1360
1447
1414
1472
1400
1460
1452
1367
1343
1390
1392
1303
1284
1296
1366
1323
1377
1355
1285
1257
1269
1414
1381
1391
1321
1269
1300
1375
1351
1443
1364
1270
1451
1429
1415
1495
1488
1489
1412
1442
1327
1369
1398
1324
1377
1345
1387
1441
1424
1455
1358
1266
1218
1288
1201
1348
1300
1273
1221
1275
1320
1268
1219
1262
1315
1314
1287
1336
1324
1263
1241
1380
1245
1389
1412
1390
1307
1307
1348
1357
1283
1366
1323
1329
1385
1355
1401
1401
1298
1287
1289
1425
1404
1375
1357
1365
1270
1286
1296
1297
1291
1368
1418
1390
1372
1463
1358
1375
1321
1350
1362
1394
1403
1369
1417
1395
1469
1433
1450
1541
1513
1442
1526
1476
1412
1382
1476
1423
1431
1456
1407
1447
1494
1531
1409
1382
1361
1431
1358
1386
1477
1404
1386
1415
1438
1426
1387
1424
1412
1434
1345
1375
1435
1480
1599
1503
1459
1507
1425
1438
1414
1514
1455
1509
1559
1564
1527
1455
1446
1440
1547
1540
1563
1492
1486
1502
1420
1510
1564
1542
1524
1512
1521
1528
1525
1526
1547
1465
1480
1555
1479
1455
1493
1521
1509
1494
1575
1489
1522
1529
1527
1491
1561
1490
1584
1611
1570
1587
1585
1580
1595
1614
1572
1608
1672
1575
1577
1659
1630
1602
1651
1674
1669
1648
1738
1672
1643
1735
1735
1674
1581
1646
1692
1616
1702
1615
1648
1606
1633
1678
1729
1612
1635
1717
1524
1650
1622
1629
1630
1618
1673
1683
1692
1654
1644
1673
1656
1620
1625
1745
1657
1655
1624
1812
1787
1689
1825
1723
1686
1703
1610
1737
1588
1577
1679
1693
1697
1597
1557
1592
1592
1710
1682
1630
1651
1568
1566
1591
1577
1687
1541
1561
1572
1483
1462
1486
1503
1557
1388
1446
1445
1497
1494
1455
1440
1483
1403
1515
1498
1539
1541
1584
1520
1394
1349
1384
1396
1373
1332
1431
1310
1280
1355
1364
1328
1375
1345
1368
1329
1323
1391
1383
1418
1442
1504
1403
1337
1336
1409
1309
1350
1262
1236
1376
1352
1250
1339
1349
1473
1500
1368
1428
1449
1376
1330
1260
1293
1382
1328
1365
1322
1340
1238
1284
1321
1431
1202
1246
1334
1307
1348
1430
1226
1296
1354
1408
1354
1339
1530
1429
1394
1431
1347
1378
1311
1275
1320
1259
1283
1266
1232
1262
1268
1296
1289
1293
1322
1373
1491
1602
1641
1628
1412
1362
1260
1322
1336
1298
1334
1351
1281
1206
1302
1276
1294
1306
1224
1261
1208
1218
1371
1370
1399
1430
1269
1260
1232
1263
1331
1284
1245
1242
1237
1211
1343
1356
1318
1425
1338
1371
1404
1365
1468
1359
1361
1383
1432
1367
1317
1294
1342
1367
1307
1347
1289
1345
1317
1374
1422
1427
1397
1429
1452
1388
1405
1482
1399
1427
1407
1385
1351
1387
1374
1355
1384
1421
1353
1410
1409
1343
1337
1356
1396
1402
1393
1435
1414
1427
1432
1388
1423
1469
1296
1371
1449
1374
1389
1416
1280
1405
1434
1469
1435
1473
1478
1446
1504
1538
1469
1482
1454
1587
1422
1473
1527
1545
1493
1504
1534
1553
1524
1471
1583
1517
1520
1456
1523
1469
1406
1452
1435
1421
1572
1545
1523
1556
1543
1581
1619
1707
1523
1626
1749
1744
1750
1698
1674
1633
1721
1635
1706
1617
1597
1648
1576
1662
1634
1673
1654
1677
1694
1701
1724
1685
1646
1671
1542
1635
1592
1676
1704
1620
1623
1624
1646
1675
1659
1724
1668
1710
1680
1769
1796
1750
1754
1800
1677
1840
1896
1969
1881
1902
1848
1826
1828
1870
1893
1741
1798
1898
1763
1758
1816
1758
1816
1761
1732
1649
1583
1708
1675
1696
1692
1689
1648
1583
1575
1590
1506
1690
1506
1531
1580
1595
1508
1521
1588
1497
1577
1342
1589
1506
1542
1505
1534
1478
1467
1430
1509
1494
1408
1487
1450
1382
1465
1434
1430
1377
1460
1367
1446
1492
1468
1531
1487
1443
1402
1333
1425
1404
1421
1442
1368
1482
1468
1446
1498
1399
1331
1388
1303
1363
1353
1338
1341
1351
1352
1238
1313
1383
1351
1388
1342
1274
1304
1329
1342
1399
1387
1483
1453
1485
1367
1413
1524
1381
1293
1331
1276
1306
1258
1265
1257
1362
1322
1355
1330
1303
1405
1360
1336
1405
1349
1318
1330
1330
1327
1366
1337
1383
1383
1345
1330
1256
1388
1419
1418
1372
1338
1295
1205
1227
1318
1373
1382
1387
1430
1308
1277
1330
1282
1385
1355
1396
1295
1281
1348
1291
1329
1397
1347
1373
1429
1418
1406
1359
1378
1440
1341
1288
1373
1269
1275
1339
1386
1250
1262
1275
1312
1219
1226
1224
1292
1284
1276
1312
1303
1347
1405
1477
1439
1356
1315
1268
1381
1341
1280
1340
1350
1338
1300
1392
1294
1338
1355
1329
1306
1370
1348
1340
1222
1266
1282
1348
1363
1423
1259
1324
1366
1285
1338
1320
1326
1301
1317
1334
1306
1384
1331
1369
1295
1336
1356
1439
1432
1465
1418
1391
1440
1450
1472
1376
1436
1408
1333
1437
1525
1511
1484
1408
1495
1391
1329
1369
1431
1482
1352
1398
1369
1408
1365
1427
1413
1339
1408
1412
1377
1362
1398
1413
1428
1406
1423
1492
1480
1563
1526
1483
1450
1478
1491
1545
1506
1466
1506
1498
1478
1467
1498
1502
1516
1450
1568
1498
1523
1538
1624
1490
1497
1582
1501
1485
1530
1567
1616
1634
1562
1595
1690
1706
1705
1799
1809
1946
1935
1920
1872
1882
1930
1992
2024
2026
1983
1939
1980
1886
1824
1904
1864
1849
1904
1908
1917
1799
1979
1908
1871
1884
1881
1919
1797
1847
1856
1814
1889
1900
1887
1898
1880
1983
1831
1769
1811
1784
1714
1781
1707
1648
1683
1652
1654
1574
1710
1656
1626
1576
1608
1553
1493
1511
1582
1622
1546
1512
1506
1551
1555
1549
1538
1479
1521
1485
1467
1483
1546
1435
1477
1483
1489
1385
1488
1435
1404
1437
1555
1372
1370
1402
1455
1481
1456
1470
1423
1392
1479
1418
1441
1434
1398
1455
1457
1463
1540
1401
1383
1412
1450
1430
1428
1441
1439
1366
1380
1434
1403
1443
1424
1445
1401
1435
1449
1347
1352
1442
1411
1437
1410
1398
1382
1428
1448
1395
1350
1330
1374
1305
1355
1388
1427
1337
1301
1345
1292
1372
1433
1292
1323
1297
1293
1282
1319
1315
1390
1381
1320
1300
1292
1301
1374
1363
1295
1443
1449
1348
1323
1283
1292
1342
1436
1318
1297
1208
1387
1387
1387
1441
1378
1372
1501
1521
1455
1383
1306
1258
1228
1296
1248
1279
1329
1378
1381
1388
1525
1406
1277
1340
1391
1328
1195
1313
1306
1187
1276
1345
1276
1291
1277
1360
1314
1390
1374
1438
1367
1446
1481
1375
1321
1285
1291
1255
1312
1400
1375
1261
1209
1219
1297
1373
1302
1376
1311
1385
1389
1353
1384
1345
1335
1344
1365
1292
1353
1346
1306
1376
1384
1382
1386
1232
1272
1245
1292
1289
1350
1243
1254
1235
1217
1275
1379
1350
1312
1357
1349
1376
1350
1359
1356
1314
1228
1295
1356
1302
1264
1339
1352
1262
1321
1347
1362
1286
1321
1304
1249
1321
1352
1355
1398
1310
1310
1410
1423
1408
1468
1465
1399
1407
1414
1468
1368
1388
1420
1371
1487
1386
1478
1395
1447
1352
1450
1413
1424
1429
1452
1352
1400
1395
1378
1401
1476
1401
1376
1432
1437
1442
1424
1578
1432
1431
1383
1407
1445
1476
1441
1475
1443
1473
1415
1412
1451
1452
1472
1437
1446
1470
1446
1357
1443
1405
1490
1445
1390
1414
1386
1413
1407
1347
1514
1496
1425
1432
1459
1473
1484
1436
1441
1577
1485
1588
1599
1624
1507
1540
1634
1501
1598
1713
1711
1648
1643
1581
1609
1648
1615
1602
1677
1663
1563
1507
1570
1635
1633
1593
1550
1556
1482
1691
1585
1652
1520
1578
1580
1573
1456
1601
1496
1558
1574
1570
1536
1633
1580
1555
1533
1476
1497
1540
1618
1559
1497
1428
1491
1491
1422
1480
1454
1482
1481
1500
1478
1449
1479
1589
1563
1551
1546
1651
1578
1615
1580
1611
1543
1433
1432
1452
1534
1463
1466
1470
1468
1522
1397
1460
1459
1467
1441
1442
1508
1344
1433
1491
1462
1414
1436
1464
1471
1514
1496
1412
1415
1459
1432
1359
1422
1474
1428
1387
1401
1424
1447
1433
1460
1508
1467
1430
1447
1439
1518
1520
1497
1513
1415
1451
1455
1500
1446
1522
1482
1457
1468
1342
1388
1346
1448
1470
1470
1441
1467
1486
1393
1464
1380
1317
1429
1337
1424
1429
1410
1439
1418
1477
1286
1393
1506
1480
1397
1380
1324
1293
1293
1322
1364
1329
1402
1391
1328
1264
1354
1327
1357
1432
1424
1325
1371
1357
1430
1406
1526
1417
1383
1518
1680
1603
1425
1423
1398
1420
1462
1504
1451
1497
1433
1374
1267
1346
1384
1296
1267
1342
1291
1289
1279
1392
1326
1257
1302
1402
1313
1408
1374
1470
1458
1516
1496
1429
1575
1610
1628
1611
1389
1377
1235
1305
1365
1356
1240
1247
1206
1259
1310
1426
1457
1431
1367
1348
1300
1318
1273
1353
1345
1463
1480
1598
1461
1387
1327
1345
1311
1280
1197
1307
1305
1290
1306
1299
1338
1330
1369
1311
1396
1339
1383
1325
1353
1391
1359
1482
1474
1461
1440
1451
1418
1404
1330
1423
1418
1454
1340
1432
1496
1441
1391
1424
1414
1430
1361
1337
1350
1315
1462
1438
1394
1432
1382
1357
1448
1388
1435
1370
1312
1390
1369
1303
1375
1290
1388
1407
1413
1388
1346
1345
1409
1456
1501
1412
1514
1501
1471
1454
1502
1521
1517
1494
1432
1518
1494
1460
1568
1478
1499
1510
1451
1463
1455
1542
1527
1567
1544
1632
1533
1481
1404
1507
1477
1453
1427
1432
1421
1485
1425
1493
1471
1539
1535
1487
1619
1626
1620
1627
1667
1706
1636
1747
1595
1850
1732
1767
1741
1611
1696
1831
1888
1812
1816
1734
1737
1884
1804
1802
1905
1852
1766
1755
1818
1854
1847
1746
1759
1799
1810
1869
1804
1786
1751
1799
1796
1738
1771
1684
1707
1739
1780
1639
1625
1646
1671
1770
1657
1670
1693
1626
1715
1632
1612
1611
1624
1604
1574
1680
1561
1667
1625
1533
1672
1513
1586
1668
1621
1574
1597
1511
1536
1538
1666
1548
1518
1641
1595
1536
1560
1475
1558
1465
1464
1503
1485
1534
1530
1489
1464
1489
1459
1394
1434
1456
1474
1435
1465
1532
1434
1463
1548
1535
1512
1514
1420
1381
1485
1463
1499
1516
1493
1477
1404
1447
1486
1473
1455
1525
1418
1414
1508
1498
1449
1503
1540
1331
1411
1383
1458
1409
1425
1359
1372
1335
1403
1316
1434
1412
1354
1400
1348
1414
1404
1419
1411
1532
1375
1351
1404
1428
1319
1358
1408
1373
1258
1318
1385
1400
1440
1409
1379
1393
1528
1440
1414
1335
1321
1285
1246
1392
1376
1431
1410
1533
1472
1376
1584
1604
1418
1516
1412
1442
1448
1419
1319
1332
1402
1293
1341
1271
1325
1330
1375
1313
1298
1376
1261
1364
1444
1305
1325
1354
1404
1310
1390
1368
1450
1325
1418
1346
1411
1346
1292
1413
1305
1330
1329
1441
1558
1477
1336
1300
1337
1282
1265
1313
1282
1288
1296
1236
1197
1175
1302
1336
1314
1339
1448
1381
1379
1428
1400
1288
1246
1287
1248
1268
1333
1283
1188
1351
1277
1394
1252
1320
1312
1346
1274
1298
1269
1338
1337
1307
1350
1349
1338
1309
1363
1345
1404
1363
1378
1400
1323
1327
1314
1291
1368
1329
1420
1491
1330
1477
1429
1497
1450
1415
1407
1364
1418
1427
1391
1452
1427
1450
1394
1425
1461
1439
1473
1366
1389
1388
1502
1475
1430
1379
1450
1329
1560
1404
1438
1430
1384
1417
1400
1390
1404
1415
1407
1517
1432
1415
1463
1462
1482
1472
1446
1432
1504
1428
1397
1425
1439
1487
1478
1418
1427
1435
1447
1449
1471
1460
1347
1386
1431
1408
1493
1462
1465
1396
1439
1470
1458
1513
1488
1588
1533
1514
1618
1593
1562
1562
1514
1574
1599
1662
1529
1557
1608
1558
1571
1500
1595
1576
1587
1745
1640
1543
1527
1599
1627
1671
1735
1633
1594
1720
1698
1733
1818
1690
1695
1649
1714
1793
1718
1652
1621
1509
1562
1516
1676
1523
1544
1617
1571
1527
1527
1656
1666
1562
1575
1599
1577
1553
1586
1579
1630
1578
1555
1560
1425
1604
1667
1615
1620
1586
1594
1654
1634
1628
1615
1660
1635
1637
1546
1638
1596
1606
1516
1574
1519
1467
1549
1593
1556
1511
1504
1492
1486
1501
1510
1532
1470
1551
1535
1455
1541
1538
1445
1439
1526
1464
1407
1473
1536
1422
1377
1441
1477
1404
1470
1495
1492
1499
1469
1522
1478
1553
1531
1537
1597
1516
1506
1431
1447
1564
1517
1428
1523
1438
1398
1476
1481
1454
1403
1390
1392
1335
1475
1423
1380
1390
1352
1353
1394
1423
1388
1295
1384
1402
1388
1430
1366
1311
1359
1368
1453
1372
1291
1315
1394
1360
1361
1517
1464
1503
1546
1386
1454
1343
1327
1421
1399
1328
1424
1410
1421
1464
1500
1464
1419
1477
1294
1407
1404
1444
1457
1450
1395
1465
1488
1439
1337
1354
1384
1393
1327
1300
1330
1344
1336
1405
1407
1366
1376
1516
1465
1466
1465
1724
1643
1402
1424
1431
1466
1496
1486
1413
1397
1292
1428
1362
1325
1320
1382
1273
1302
1404
1450
1627
1889
2108
2299
2540
2579
2740
3207
3545
3289
2332
1828
1583
1581
1563
1429
1353
1377
1324
1374
1417
1420
1326
1379
1416
1395
1299
1175
1288
1283
1274
1314
1377
1371
1297
1410
1413
1322
1380
1427
1336
1307
1385
1448
1366
1411
1398
1425
1398
1505
1413
1324
1369
1372
1387
1299
1436
1402
1433
1421
1338
1387
1291
1409
1306
1423
1394
1416
1436
1366
1392
1463
1364
1406
1352
1401
1337
1466
1419
1417
1496
1401
1420
1417
1477
1490
1426
1536
1486
1466
1410
1443
1579
1472
1462
1509
1419
1463
1508
1426
1455
1436
1389
1512
1448
1414
1429
1461
1473
1406
1503
1464
1499
1434
1478
1495
1492
1532
1477
1521
1538
1513
1462
1451
1442
1531
1534
1596
1547
1635
1724
1676
1647
1627
1568
1595
1718
1669
1678
1663
1705
1646
1621
1724
1725
1797
1694
1715
1664
1751
1743
1770
1706
1672
1853
1759
1801
1737
1693
1709
1575
1723
1662
1621
1594
1562
1579
1395
1562
1622
1657
1535
1527
1569
1488
1621
1557
1518
1536
1474
1557
1526
1563
1557
1623
1482
1556
1431
1425
1491
1458
1464
1475
1499
1445
1452
1514
1501
1524
1461
1510
1520
1486
1492
1520
1471
1472
1509
1480
1539
1547
1450
1487
1573
1499
1482
1414
1487
1446
1453
1560
1487
1475
1502
1516
1434
1420
1381
1404
1420
1384
1418
1413
1401
1385
1459
1405
1329
1443
1402
1517
1435
1449
1350
1349
1369
1433
1353
1401
1336
1360
1323
1391
1486
1357
1434
1410
1372
1283
1480
1398
1388
1376
1388
1335
1320
1317
1453
1391
1362
1365
1323
1391
1401
1332
1367
1345
1334
1271
1337
1374
1377
1402
1271
1360
1308
1388
1398
1403
1360
1290
1273
1240
1208
1324
1389
1254
1336
1372
1324
1291
1294
1311
1292
1322
1319
1291
1309
1390
1415
1512
1395
1362
1242
1246
1225
1304
1292
1288
1243
1257
1165
1263
1283
1344
1236
1191
1278
1371
1338
1231
1306
1335
1199
1178
1281
1341
1314
1318
1320
1248
1178
1233
1255
1338
1270
1334
1339
1387
1326
1305
1302
1322
1396
1285
1265
1183
1242
1232
1287
1345
1282
1335
1340
1330
1369
1285
1296
1333
1246
1298
1310
1321
1293
1233
1181
1163
1183
1243
1242
1260
1278
1213
1159
1174
1215
1332
1284
1198
1292
1228
1281
1244
1267
1299
1270
1391
1338
1397
1402
1351
1354
1364
1301
1309
1207
1254
1278
1216
1196
1248
1281
1298
1308
1289
1257
1318
1309
1327
1283
1416
1370
1379
1350
1389
1335
1345
1390
1452
1342
1320
1390
1436
1392
1369
1333
1364
1370
1356
1369
1329
1286
1463
1503
1447
1378
1365
1442
1387
1318
1345
1399
1413
1373
1260
1363
1382
1334
1375
1315
1316
1336
1375
1427
1329
1363
1340
1299
1365
1427
1428
1424
1427
1442
1454
1400
1400
1379
1383
1381
1411
1437
1381
1417
1420
1472
1446
1373
1423
1442
1403
1416
1442
1419
1488
1426
1367
1477
1414
1455
1586
1528
1501
1526
1518
1519
1527
1492
1573
1501
1599
1531
1557
1606
1563
1585
1669
1484
1590
1620
1604
1626
1487
1490
1480
1596
1524
1483
1563
1465
1522
1393
1575
1562
1542
1574
1494
1615
1475
1592
1565
1537
1596
1651
1572
1594
1646
1739
1717
1667
1706
1694
1722
1760
1748
1746
1761
1793
1800
1856
1821
1810
1845
1787
1760
1845
1885
1873
1856
1832
1873
1824
1857
1823
1924
1954
1878
1827
1834
1799
1836
1831
1877
1911
1812
1787
1833
1766
1824
1774
1835
1882
1803
1712
1682
1652
1672
1618
1556
1537
1565
1364
1492
1503
1509
1476
1487
1493
1445
1447
1455
1452
1500
1449
1406
1424
1450
1442
1403
1424
1446
1460
1390
1441
1495
1452
1431
1467
1430
1424
1474
1375
1446
1412
1434
1511
1451
1525
1440
1356
1342
1346
1350
1265
1334
1379
1366
1329
1380
1291
1324
1381
1342
1326
1294
1409
1392
1346
1379
1291
1378
1485
1483
1404
1409
1306
1330
1287
1254
1335
1299
1274
1344
1287
1226
1316
1269
1306
1343
1384
1300
1298
1393
1414
1359
1479
1494
1400
1408
1483
1474
1429
1334
1443
1480
1327
1273
1266
1253
1254
1238
1204
1189
1208
1166
1213
1229
1340
1325
1316
1372
1444
1399
1321
1380
1221
1259
1287
1249
1265
1254
1335
1275
1378
1393
1350
1231
1166
1280
1213
1187
1233
1207
1247
1210
1208
1330
1327
1347
1297
1190
1187
1237
1247
1278
1321
1325
1260
1157
1238
1215
1265
1262
1201
1213
1159
1285
1347
1397
1355
1302
1367
1395
1361
1318
1204
1267
1278
1256
1204
1251
1209
1210
1295
1318
1210
1229
1284
1310
1332
1334
1328
1415
1374
1338
1319
1314
1326
1270
1361
1268
1334
1407
1359
1411
1385
1385
1349
1481
1435
1422
1387
1382
1398
1332
1412
1342
1308
1337
1385
1376
1293
1401
1407
1342
1392
1365
1401
1382
1312
1311
1326
1372
1309
1293
1322
1361
1382
1393
1315
1392
1368
1379
1410
1437
1416
1404
1385
1344
1354
1458
1477
1473
1470
1535
1386
1396
1488
1572
1463
1515
1528
1517
1428
1510
1456
1449
1465
1498
1416
1382
1498
1476
1536
1526
1541
1460
1449
1485
1500
1492
1531
1535
1529
1543
1572
1693
1539
1571
1711
1596
1648
1715
1768
1668
1612
1549
1643
1558
1651
1573
1595
1566
1585
1614
1553
1523
1677
1624
1584
1554
1499
1544
1557
1530
1513
1492
1508
1535
1505
1585
1638
1553
1521
1561
1480
1478
1554
1649
1568
1597
1594
1520
1510
1502
1553
1626
1632
1535
1583
1540
1583
1527
1569
1509
1539
1548
1468
1504
1577
1566
1528
1577
1580
1520
1528
1547
1595
1483
1445
1423
1411
1451
1470
1449
1473
1529
1450
1443
1588
1502
1464
1501
1543
1425
1400
1500
1408
1408
1394
1388
1440
1397
1510
1376
1368
1392
1370
1432
1357
1332
1393
1354
1411
1423
1434
1380
1404
1391
1417
1356
1381
1394
1357
1367
1400
1295
1388
1385
1338
1282
1258
1457
1409
1417
1417
1418
1320
1298
1352
1291
1357
1313
1329
1349
1404
1340
1384
1374
1228
1283
1287
1346
1345
1276
1298
1387
1349
1359
1349
1272
1297
1294
1307
1349
1366
1327
1412
1367
1398
1378
1387
1473
1507
1485
1407
1362
1378
1339
1406
1385
1318
1304
1342
1252
1345
1273
1279
1362
1267
1283
1424
1417
1377
1564
1510
1418
1330
1226
1255
1234
1293
1415
1368
1321
1355
1384
1357
1469
1553
1538
1538
1489
1486
1329
1381
1464
1463
1383
1317
1247
1357
1347
1239
1310
1229
1278
1231
1201
1355
1318
1301
1361
1307
1289
1256
1275
1232
1348
1393
1287
1323
1284
1311
1282
1372
1310
1279
1251
1276
1336
1369
1252
1301
1377
1348
1404
1433
1461
1414
1407
1341
1363
1283
1429
1443
1408
1411
1240
1330
1262
1265
1259
1254
1310
1371
1236
1301
1397
1310
1241
1325
1357
1324
1288
1397
1372
1303
1308
1318
1316
1313
1434
1393
1370
1411
1357
1357
1315
1383
1347
1420
1427
1398
1384
1382
1416
1373
1336
1402
1451
1364
1415
1321
1429
1313
1329
1341
1358
1370
1458
1491
1489
1497
1408
1463
1409
1447
1437
1494
1392
1413
1374
1308
1409
1402
1419
1517
1459
1392
1357
1415
1341
1367
1345
1364
1431
1403
1456
1448
1369
1463
1436
1405
1378
1437
1479
1439
1402
1384
1413
1447
1452
1463
1389
1442
1484
1450
1459
1519
1608
1621
1658
1659
1626
1675
1721
1704
1717
1744
1701
1588
1599
1656
1654
1712
1605
1601
1621
1488
1615
1514
1614
1490
1512
1549
1394
1484
1495
1534
1563
1557
1504
1574
1570
1569
1576
1582
1628
1559
1594
1580
1608
1578
1666
1577
1560
1653
1657
1588
1606
1586
1634
1657
1510
1631
1581
1589
1579
1451
1515
1543
1524
1503
1490
1485
1531
1507
1519
1386
1525
1517
1553
1495
1416
1394
1442
1449
1478
1511
1393
1384
1457
1437
1471
1446
1495
1510
1441
1365
1473
1518
1498
1464
1420
1421
1416
1504
1481
1367
1399
1459
1471
1395
1441
1521
1448
1421
1451
1382
1498
1480
1402
1396
1408
1326
1352
1313
1395
1434
1452
1383
1425
1306
1278
1338
1289
1367
1287
1314
1286
1283
1319
1266
1307
1351
1339
1336
1268
1355
1326
1283
1326
1337
1386
1295
1402
1384
1360
1408
1420
1348
1228
1234
1307
1383
1318
1322
1272
1316
1454
1450
1421
1354
1429
1290
1337
1391
1346
1350
1310
1332
1257
1247
1264
1430
1362
1298
1291
1251
1225
1344
1284
1295
1224
1358
1333
1364
1379
1281
1355
1319
1314
1312
1334
1352
1321
1316
1354
1336
1506
1465
1520
1391
1371
1351
1358
1335
1323
1322
1333
1297
1346
1342
1308
1345
1288
1347
1290
1296
1326
1323
1341
1372
1301
1272
1219
1254
1295
1190
1351
1349
1291
1240
1254
1228
1276
1349
1233
1285
1266
1291
1308
1396
1393
1276
1274
1266
1239
1377
1272
1301
1309
1191
1284
1289
1339
1285
1282
1367
1334
1315
1327
1296
1318
1386
1309
1331
1306
1392
1350
1347
1375
1309
1277
1327
1409
1402
1315
1549
1441
1484
1416
1420
1402
1372
1347
1390
1387
1382
1435
1428
1392
1413
1431
1426
1450
1387
1389
1344
1400
1423
1472
1517
1472
1393
1561
1540
1548
1437
1435
1437
1475
1405
1395
1486
1511
1502
1467
1490
1411
1463
1498
1490
1490
1547
1519
1437
1493
1521
1550
1603
1517
1458
1467
1527
1443
1438
1498
1576
1510
1445
1568
1452
1520
1501
1526
1466
1483
1520
1489
1460
1477
1446
1532
1520
1524
1531
1480
1563
1587
1592
1661
1683
1712
1620
1691
1674
1621
1657
1712
1760
1825
1817
1839
1811
1819
1854
1771
1791
1797
1713
1658
1625
1683
1746
1667
1640
1629
1618
1638
1609
1554
1550
1672
1580
1452
1519
1593
1533
1551
1548
1607
1546
1462
1582
1627
1652
1569
1553
1549
1553
1552
1591
1541
1645
1573
1486
1588
1576
1617
1600
1676
1645
1632
1632
1675
1534
1568
1535
1499
1529
1500
1545
1448
1518
1544
1600
1499
1486
1563
1568
1520
1569
1493
1524
1440
1434
1524
1458
1495
1581
1426
1520
1546
1582
1561
1576
1536
1431
1398
1550
1496
1523
1481
1555
1552
1468
1520
1493
1585
1557
1461
1464
1423
1503
1482
1428
1519
1456
1491
1432
1483
1513
1464
1481
1491
1415
1436
1491
1502
1430
1406
1371
1413
1382
1546
1444
1436
1477
1429
1411
1415
1362
1504
1464
1357
1386
1289
1223
1264
1383
1327
1390
1430
1373
1337
1394
1392
1390
1348
1356
1308
1300
1356
1319
1289
1325
1296
1259
1238
1341
1439
1381
1411
1276
1359
1268
1336
1349
1336
1416
1407
1459
1498
1458
1469
1401
1328
1365
1331
1329
1384
1439
1482
1442
1301
1296
1239
1333
1296
1320
1288
1317
1289
1236
1300
1401
1383
1320
1327
1357
1354
1306
1323
1319
1365
1457
1348
1330
1438
1449
1454
1431
1420
1298
1315
1409
1306
1307
1380
1282
1211
1248
1299
1333
1321
1267
1225
1178
1281
1359
1372
1258
1256
1341
1300
1198
1334
1285
1321
1346
1292
1358
1355
1288
1332
1285
1331
1340
1236
1182
1266
1368
1374
1384
1301
1293
1241
1299
1305
1333
1356
1468
1381
1323
1397
1415
1380
1385
1348
1419
1377
1341
1484
1443
1399
1413
1423
1462
1540
1498
1463
1431
1501
1459
1450
1506
1416
1441
1381
1359
1356
1369
1515
1438
1389
1350
1367
1365
1460
1383
1416
1390
1472
1425
1412
1433
1422
1506
1394
1412
1463
1421
1402
1415
1366
1406
1382
1432
1381
1377
1497
1399
1468
1393
1379
1356
1393
1474
1403
1486
1525
1408
1496
1462
1569
1483
1571
1492
1601
1473
1530
1577
1504
1545
1564
1563
1601
1563
1571
1616
1651
1630
1714
1564
1557
1580
1595
1564
1556
1601
1679
1614
1748
1782
1787
1829
1956
1861
1846
1934
2026
1948
1928
1941
1978
1860
2008
2037
1923
1959
1967
1884
1952
2101
1988
1872
1857
1880
1776
1770
1932
1810
1749
1806
1801
1759
1697
1824
1737
1746
1849
1792
1715
1650
1724
1728
1629
1692
1683
1578
1516
1685
1644
1633
1613
1612
1636
1611
1692
1612
1539
1573
1647
1620
1556
1596
1594
1633
1513
1528
1546
1454
1477
1546
1506
1520
1519
1522
1471
1513
1540
1411
1402
1451
1379
1413
1505
1470
1511
1488
1461
1447
1439
1457
1539
1510
1545
1568
1451
1393
1526
1489
1469
1486
1480
1460
1443
1439
1565
1476
1444
1438
1400
1417
1482
1370
1396
1403
1400
1423
1341
1425
1446
1388
1477
1389
1394
1410
1406
1366
1416
1500
1427
1370
1327
1399
1405
1446
1327
1365
1291
1325
1350
1398
1381
1406
1374
1397
1365
1512
1376
1277
1308
1419
1312
1380
1296
1382
1335
1418
1305
1386
1261
1315
1374
1367
1335
1375
1340
1380
1372
1336
1308
1352
1377
1290
1238
1381
1309
1404
1425
1475
1327
1396
1431
1506
1442
1507
1381
1371
1319
1360
1288
1334
1236
1336
1319
1287
1338
1390
1292
1355
1335
1187
1231
1384
1408
1403
1373
1355
1240
1300
1282
1358
1346
1340
1287
1346
1345
1212
1289
1399
1503
1425
1320
1317
1319
1350
1291
1263
1307
1281
1324
1369
1390
1394
1438
1343
1242
1316
1277
1336
1342
1291
1340
1179
1203
1315
1407
1297
1325
1243
1194
1245
1275
1383
1365
1407
1414
1300
1292
1354
1369
1300
1329
1335
1379
1327
1316
1374
1379
1336
1324
1350
1344
1275
1434
1361
1393
1391
1354
1363
1387
1467
1536
1470
1380
1408
1337
1357
1364
1386
1440
1400
1408
1483
1569
1472
1592
1539
1564
1478
1504
1494
1480
1466
1468
1473
1462
1454
1417
1447
1438
1487
1397
1533
1415
1442
1425
1437
1428
1559
1461
1477
1520
1454
1432
1388
1466
1410
1393
1442
1508
1367
1421
1373
1340
1439
1468
1440
1402
1492
1432
1509
1460
1511
1429
1475
1470
1510
1415
1379
1530
1528
1586
1555
1663
1590
1639
1677
1709
1648
1646
1641
1555
1648
1675
1707
1745
1658
1655
1628
1615
1689
1651
1700
1693
1675
1589
1679
1726
1737
1726
1717
1665
1648
1523
1636
1673
1675
1639
1641
1586
1597
1653
1592
1626
1624
1660
1556
1621
1615
1627
1643
1573
1620
1646
1538
1614
1585
1580
1646
1648
1622
1675
1687
1698
1676
1663
1686
1670
1609
1775
1657
1645
1625
1642
1537
1568
1556
1608
1517
1587
1525
1430
1522
1620
1623
1511
1646
1634
1560
1532
1590
1607
1633
1530
1636
1562
1523
1507
1508
1463
1467
1459
1397
1398
1548
1446
1410
1512
1504
1444
1343
1483
1523
1519
1435
1418
1503
1399
1491
1481
1421
1468
1469
1506
1478
1429
1520
1436
1418
1437
1444
1458
1421
1456
1499
1462
1405
1397
1371
1411
1382
1326
1379
1410
1452
1294
1500
1476
1377
1379
1323
1309
1353
1493
1514
1437
1510
1528
1446
1410
1477
1614
1441
1397
1360
1329
1350
1379
1403
1341
1401
1440
1432
1377
1419
1362
1382
1414
1365
1312
1293
1339
1337
1338
1355
1373
1264
1271
1335
1395
1456
1418
1474
1463
1490
1518
1471
1416
1500
1512
1535
1376
1409
1345
1339
1430
1525
1430
1400
1428
1391
1317
1340
1379
1301
1227
1346
1414
1448
1342
1261
1317
1275
1388
1384
1418
1367
1321
1262
1221
1364
1368
1286
1323
1275
1344
1331
1335
1369
1430
1351
1337
1286
1233
1267
1277
1339
1318
1461
1451
1440
1499
1341
1318
1410
1391
1271
1236
1299
1316
1356
1362
1482
1341
1360
1419
1401
1355
1342
1346
1355
1347
1369
1400
1423
1345
1395
1313
1397
1387
1506
1455
1421
1445
1353
1341
1453
1407
1366
1501
1498
1447
1549
1559
1537
1457
1449
1520
1521
1416
1454
1460
1509
1458
1460
1381
1375
1531
1453
1510
1510
1491
1434
1489
1409
1516
1517
1512
1543
1569
1509
1467
1526
1511
1523
1522
1482
1468
1445
1486
1486
1376
1446
1431
1505
1495
1535
1458
1452
1459
1423
1410
1438
1467
1463
1525
1484
1453
1480
1543
1505
1573
1610
1561
1496
1545
1598
1614
1591
1600
1544
1515
1525
1587
1586
1613
1614
1680
1568
1626
1726
1666
1749
1702
1611
1661
1635
1780
1754
1770
1716
1709
1787
1773
1841
1789
1843
1888
1735
1737
1649
1725
1753
1735
1658
1680
1688
1594
1689
1624
1655
1575
1614
1615
1495
1713
1661
1603
1539
1552
1668
1587
1623
1655
1665
1643
1668
1635
1657
1685
1731
1684
1713
1584
1602
1565
1604
1637
1648
1661
1579
1538
1597
1613
1589
1603
1624
1601
1518
1537
1554
1559
1506
1548
1535
1533
1523
1563
1628
1561
1535
1575
1519
1472
1559
1543
1612
1485
1497
1402
1388
1450
1475
1511
1532
1551
1499
1372
1482
1519
1523
1449
1491
1413
1431
1385
1417
1501
1479
1435
1491
1420
1421
1402
1419
1296
1370
1403
1352
1511
1493
1424
1483
1514
1522
1459
1357
1465
1379
1498
1489
1355
1484
1522
1448
1411
1464
1500
1466
1337
1502
1479
1424
1354
1339
1419
1307
1286
1411
1412
1357
1304
1383
1347
1367
1406
1313
1377
1380
1309
1376
1414
1427
1316
1316
1332
1449
1418
1391
1416
1303
1298
1303
1339
1292
1368
1462
1439
1471
1345
1314
1262
1346
1364
1432
1361
1261
1328
1408
1634
1650
1495
1278
1304
1284
1322
1405
1493
1391
1372
1301
1394
1290
1412
1417
1372
1256
1292
1303
1346
1328
1342
1372
1323
1360
1325
1324
1433
1345
1322
1333
1371
1385
1307
1441
1505
1517
1399
1417
1328
1319
1264
1349
1295
1301
1365
1341
1324
1238
1330
1385
1420
1388
1298
1456
1418
1451
1385
1322
1351
1175
1209
1281
1286
1303
1381
1413
1390
1287
1274
1292
1365
1326
1451
1435
1353
1333
1435
1364
1311
1355
1405
1310
1314
1329
1311
1347
1420
1390
1438
1460
1414
1410
1478
1397
1427
1413
1409
1407
1394
1379
1324
1414
1332
1442
1469
1376
1456
1408
1435
1388
1425
1506
1470
1458
1518
1524
1465
1582
1615
1458
1467
1439
1538
1522
1475
1526
1442
1416
1506
1447
1484
1455
1527
1464
1408
1442
1458
1405
1452
1452
1514
1457
1537
1445
1475
1474
1505
1484
1523
1488
1462
1451
1533
1535
1507
1584
1515
1465
1457
1551
1547
1562
1567
1565
1491
1473
1573
1545
1532
1536
1615
1587
1488
1621
1587
1625
1609
1666
1470
1564
1593
1670
1653
1655
1582
1590
1750
1705
1690
1711
1688
1676
1612
1667
1678
1717
1640
1658
1634
1583
1592
1681
1768
1713
1644
1657
1609
1697
1684
1681
1617
1647
1617
1563
1574
1596
1647
1621
1614
1678
1738
1716
1790
1852
1727
1819
1867
1832
1792
1823
1909
1920
1969
1910
1935
1863
1842
1901
1944
1923
1950
1929
1929
1968
1904
1925
1992
1924
1838
1805
1846
1836
1802
1788
1732
1752
1796
1816
1736
1779
1704
1771
1672
1615
1700
1546
1596
1646
1629
1593
1480
1655
1625
1608
1606
1524
1459
1503
1501
1576
1531
1553
1553
1620
1444
1476
1567
1535
1547
1543
1518
1495
1487
1484
1564
1625
1615
1518
1457
1563
1544
1486
1572
1568
1487
1450
1481
1529
1462
1465
1421
1494
1429
1479
1442
1541
1572
1571
1421
1413
1435
1422
1358
1396
1475
1386
1410
1443
1442
1474
1487
1452
1484
1378
1369
1441
1471
1437
1377
1416
1454
1359
1291
1385
1343
1345
1282
1277
1369
1376
1375
1410
1403
1389
1292
1388
1476
1392
1416
1410
1403
1316
1433
1452
1499
1528
1509
1359
1352
1331
1402
1431
1342
1430
1312
1293
1363
1348
1325
1348
1293
1334
1279
1400
1412
1400
1464
1416
1325
1310
1475
1491
1505
1492
1566
1463
1312
1335
1374
1416
1378
1339
1362
1306
1375
1342
1334
1398
1409
1395
1354
1461
1415
1329
1328
1417
1400
1455
1424
1437
1380
1371
1393
1319
1290
1241
1371
1277
1279
1263
1270
1263
1360
1432
1345
1346
1337
1404
1371
1485
1402
1298
1322
1371
1352
1375
1450
1448
1272
1277
1390
1399
1428
1499
1410
1486
1423
1377
1365
1325
1503
1477
1507
1539
1537
1472
1461
1528
1519
1524
1459
1459
1429
1401
1426
1492
1494
1574
1515
1555
1419
1487
1512
1487
1419
1490
1427
1468
1489
1556
1549
1577
1501
1510
1515
1602
1564
1494
1585
1590
1535
1510
1477
1507
1478
1609
1550
1530
1541
1557
1519
1500
1490
1492
1467
1424
1585
1540
1464
1547
1511
1515
1530
1578
1637
1594
1582
1556
1573
1532
1598
1554
1634
1730
1686
1703
1602
1623
1672
1580
1641
1578
1669
1621
1656
1664
1703
1691
1687
1699
1591
1697
1815
1822
1814
1747
1706
1651
1731
1734
1693
1815
1717
1726
1615
1746
1787
1809
1799
1765
1833
1753
1887
1886
1780
1843
1804
1784
1777
1826
1866
1838
1765
1892
1659
1661
1869
1754
1717
1782
1780
1700
1810
1920
1845
1847
1769
1845
1779
1769
1879
1764
1801
1871
1837
1771
1777
1828
1944
1859
1874
1894
1926
1830
1914
1880
1908
1804
1833
1819
1689
1708
1747
1832
1815
1672
1696
1648
1726
1644
1653
1650
1699
1609
1518
1546
1586
1674
1603
1590
1663
1465
1521
1608
1611
1602
1616
1596
1565
1692
1603
1628
1524
1630
1498
1556
1592
1507
1484
1544
1518
1468
1457
1454
1488
1506
1536
1513
1467
1384
1442
1426
1471
1441
1459
1362
1495
1440
1480
1474
1380
1445
1366
1315
1490
1458
1438
1486
1452
1391
1379
1365
1461
1412
1407
1419
1436
1392
1570
1499
1436
1409
1382
1492
1369
1446
1521
1488
1509
1596
1433
1465
1438
1405
1409
1451
1362
1341
1418
1415
1497
1476
1433
1372
1336
1261
1297
1293
1365
1332
1380
1425
1299
1456
1386
1469
1393
1432
1311
1365
1516
1557
1500
1373
1383
1430
1344
1426
1454
1413
1443
1454
1432
1387
1519
1509
1436
1410
1478
1533
1338
1278
1364
1356
1413
1456
1362
1326
1372
1434
1361
1271
1241
1274
1264
1358
1246
1308
1310
1383
1336
1362
1372
1269
1315
1437
1431
1385
1205
1352
1396
1356
1392
1350
1285
1366
1339
1331
1427
1464
1456
1327
1354
1330
1354
1304
1311
1409
1369
1333
1389
1378
1415
1410
1361
1424
1417
1502
1506
1464
1400
1519
1449
1396
1482
1464
1441
1472
1423
1400
1358
1425
1412
1360
1437
1414
1390
1417
1498
1513
1518
1575
1465
1512
1471
1531
1485
1480
1450
1485
1500
1478
1467
1467
1347
1408
1366
1438
1363
1457
1358
1482
1492
1429
1459
1464
1307
1475
1467
1468
1506
1444
1485
1510
1574
1445
1516
1537
1509
1430
1545
1640
1529
1558
1585
1614
1563
1555
1549
1569
1528
1651
1542
1551
1580
1547
1637
1610
1646
1573
1557
1573
1581
1649
1623
1564
1527
1545
1649
1608
1644
1713
1635
1674
1572
1600
1577
1627
1721
1675
1641
1564
1711
1722
1635
1686
1646
1634
1513
1699
1670
1594
1630
1686
1581
1539
1627
1578
1623
1497
1593
1598
1482
1578
1648
1580
1626
1521
1620
1588
1673
1644
1513
1672
1609
1623
1586
1696
1669
1665
1685
1715
1652
1560
1664
1576
1664
1659
1663
1567
1548
1649
1685
1625
1698
1589
1626
1618
1619
1608
1546
1628
1537
1604
1563
1622
1592
1580
1618
1654
1486
1552
1585
1615
1599
1565
1575
1512
1523
1518
1474
1435
1538
1502
1450
1413
1541
1552
1525
1589
1542
1504
1521
1516
1462
1455
1438
1464
1421
1462
1439
1422
1411
1480
1496
1470
1517
1476
1550
1441
1513
1522
1458
1397
1447
1467
1509
1424
1438
1392
1373
1466
1550
1501
1482
1481
1392
1347
1442
1466
1412
1390
1457
1449
1478
1514
1514
1495
1471
1440
1406
1343
1365
1414
1475
1391
1338
1361
1373
1402
1423
1436
1474
1462
1539
1486
1498
1518
1427
1456
1440
1382
1312
1327
1372
1329
1362
1412
1395
1396
1395
1349
1388
1411
1354
1361
1287
1341
1353
1305
1450
1442
1426
1372
1334
1360
1310
1331
1378
1394
1345
1357
1436
1450
1514
1570
1528
1422
1400
1431
1384
1429
1461
1392
1380
1385
1349
1362
1415
1481
1427
1339
1405
1371
1384
1410
1458
1360
1338
1342
1301
1343
1326
1252
1256
1234
1399
1456
1400
1405
1400
1376
1375
1496
1478
1479
1505
1470
1449
1342
1386
1397
1447
1526
1460
1474
1402
1483
1442
1387
1390
1329
1403
1374
1352
1471
1455
1565
1511
1421
1338
1360
1335
1378
1324
1360
1389
1381
1475
1529
1398
1472
1447
1368
1399
1467
1470
1623
1475
1446
1422
1420
1495
1446
1435
1511
1508
1493
1461
1482
1455
1353
1383
1444
1481
1552
1470
1530
1506
1497
1510
1536
1477
1591
1489
1479
1521
1539
1557
1447
1529
1473
1561
1559
1512
1568
1491
1520
1618
1576
1561
1515
1582
1586
1564
1558
1529
1506
1541
1503
1491
1544
1529
1511
1645
1598
1568
1575
1640
1588
1715
1648
1661
1684
1651
1601
1750
1622
1757
1760
1668
1556
1706
1607
1654
1651
1677
1779
1637
1739
1833
1765
