2026118
2412573
2678365
2774258
2727677
2406677
2146274
2526016
2577794
2567199
2585058
2538437
2240378
2100809
2495392
2624553
2729651
2773299
2755026
2530389
2337316
2748677
2786271
2723758
2828273
2896849
2629141
2427849
2600530
2613321
2682543
2670604
2591423
2512480
2436706
2715019
2822475
2979860
2966289
2923006
2517636
2310089
2715647
2796201
2705553
2699085
2847014
2442853
2268550
2748543
2998186
2875275
2897671
2971008
2569571
2295043
2609939
2669902
2664526
2644361
2669123
2401937
2329381
2689671
2556933
2755656
2772745
2478595
2286571
2115711
2530906
2698107
2749108
2713550
2575846
2255407
2109396
2449124
2460239
2472452
2440742
2357443
1968442
1746095
2095920
2240845
2378836
2444337
2256029
2183590
2095716
2516292
2621375
2695901
2684279
2566299
2174976
1930822
1891468
2270108
2308007
2285883
2257590
2002976
1843636
2164596
2200019
2219368
2220783
2128427
1821447
1642401
2030397
2126384
2134324
2138466
2108678
1817549
1656486
2041025
2090603
1663306
2108965
2208881
1926168
1729369
2099543
2157955
1810366
2173580
2232281
1968932
1809938
2213905
2261456
2239592
1848363
1940484
1811749
1682362
2068808
2137635
2154110
2130537
2076537
1808905
1613843
1630880
2032530
2052451
2036697
2017954
1737498
1574194
1961115
2017520
2023183
2045356
2035256
1743591
1560154
1980067
2055947
2070890
2055184
2030627
1747472
1576657
1990849
2080101
2068455
2071927
2026894
1720898
1561614
1976321
2051015
2043990
2067442
2050096
1780964
1609402
2012342
2088865
2093342
2115738
2087355
1767778
1601264
1976647
2054687
2074351
2082946
2061589
1786812
1596950
2015788
2108701
2106149
2102126
2079098
1805737
1629628
2012554
2082743
2072045
2061838
2009233
1739878
1573281
1871118
1920129
1922745
1917328
1872563
1651266
1502150
1728220
1775822
1760814
1768621
1778132
1620562
1457317
1677486
1739261
1741928
1515223
1653233
1601684
1496330
1776343
1857634
1852401
1859577
1864393
1674736
1525614
1884154
1998455
1994658
2028048
2016556
1759429
1588170
1970477
2067154
2070014
2086255
2063435
1772565
1606875
2011203
2102004
2102947
2118328
2100571
1819218
1652846
2041997
2114325
2122972
2178620
2141651
1855429
1733556
2130439
2194360
2194344
2174661
2130269
1828532
1672685
2053294
2167059
2176315
2201871
2189859
1922399
1815251
2231014
2303893
2285943
2284229
2262799
1967415
1770921
2176041
2250891
2284300
2271361
2327821
1988033
1814135
2170690
2225899
2230654
2240901
2213123
1913704
1759895
2160356
2268961
2313329
2339116
1870455
1852197
1764424
2201786
2281826
2336674
2318910
2314952
2068629
1931221
1955793
2380281
2433114
2530989
2619373
2356502
2201156
2639384
2598101
2712459
2715430
2736299
2477200
2329220
2683643
2694144
2695238
2729497
2784338
2329609
2166034
2523248
2601129
2597555
2592198
2605675
2299495
2222113
2577740
2605179
2676316
2778700
2709421
2426267
2355878
2753441
2768847
2629422
2569915
2483995
2296259
2186352
2489133
2522914
2263530
2713976
2717409
2795222
2809312
2972076
2999246
2812888
2999925
2964442
2944479
2775438
2897948
3026768
3034053
2889898
3036808
2775706
2571526
2968709
2864542
2822309
2877829
2780922
2493018
2282244
2724482
2790272
2682528
2661682
2595680
2298089
2236540
2753092
2784624
2703348
2721856
2876523
2634201
2454170
2774068
2849362
2766991
2725670
2669180
2326922
2153748
2554000
2565194
2520676
2560071
2560563
2264457
2186431
2513846
2562229
2575402
2472245
2424593
2080952
1950869
2354611
2397474
2392516
2428173
2326751
2038072
1880193
2274538
2275699
2312133
2316156
2123531
1993086
1823114
2194204
2227293
2214632
2100872
2256492
2000982
1798546
2166978
2241317
2312422
2181047
2167930
2029131
1898742
2268107
2156026
2259507
2101167
2163631
2007245
1831270
1788573
2191936
2202816
2238106
2265156
2050980
1839835
2237144
2302373
2260009
2227779
2211539
1996405
1859446
2215875
2267629
2305946
2341457
2307717
2060948
1943260
2336355
2400713
2369819
2324097
2286550
2004904
1821539
2194010
2258105
2203609
1706841
1898676
1778476
1644048
2052493
2193951
2278823
1950954
2076263
1917420
1764717
2140361
2165271
2125647
2114374
2073929
1785121
1580351
1585128
2043142
2125010
2134571
2093392
1817856
1621898
2005349
2080877
2086315
2087559
2061336
1773711
1602080
1999403
2069363
2069573
2073442
2058901
1791176
1593869
1992222
2082527
2093192
2090862
2078274
1781052
1587462
1996630
2075325
2073760
2091472
2071135
1794779
1604451
2005626
2087282
2095057
2111858
2088827
1812713
1647406
2046034
2109061
2136231
2128296
2109673
1816171
1623727
2009936
2093274
2092623
2103879
2092851
1803629
1600783
1611264
2039832
2124340
2115472
2092301
1819809
1631429
2027702
2106075
2122348
2128382
2080443
1804350
1627978
1992374
2059008
2069825
2058281
2000561
1769294
1617974
1880019
1909722
1887397
1880187
1870001
1708216
1568438
1796385
1846236
1859988
1867760
1638906
1652691
1560238
1854253
1937490
1944222
1969548
1979024
1804254
1658388
2004025
2061540
2078578
2054870
2015974
1796208
1633977
2016561
2061102
2065625
2091024
2083987
1797479
1625873
2021324
2120851
2115040
2135633
2130582
1817869
1645332
2050746
2119946
2120178
2124799
2110443
1817800
1636401
2041371
2123746
2134731
2147129
2115664
1829595
1660832
2066652
2125101
2124642
2136385
2114402
1843788
1686497
2094039
2161564
2152270
2175534
2182260
1898583
1731140
2186235
2310573
2387825
2334443
2252090
1940563
1766414
2177294
2270206
2318899
2342143
2349864
2115549
1963776
2369388
2554745
2613160
2643389
2616430
2232208
2169044
2308567
2488854
2413582
2383082
2332205
2060040
1910124
2177192
2050346
2483196
2556020
2550975
2241314
1987920
2377825
2484460
2475026
2505049
2517162
2275418
2163292
2571091
2598064
2499542
2455598
2491731
2177236
2052249
2453866
2549558
2610391
2690040
2739400
2662338
2488289
2577638
2541261
2616318
2568830
2569478
2390171
2332426
2660716
2896823
2846581
2770215
2628601
2360506
2226557
2608159
2591654
2315795
1889752
2148115
2172159
2139833
2447314
2476947
2325694
2028334
2255200
2204952
2142925
2594725
2658552
2571254
2570091
2533316
2279126
2134736
2509789
2547766
2585154
2670834
2625621
2364278
2285061
2641736
2762073
2819420
2908546
2830506
2684203
2571624
2821487
2856438
2920245
2908063
2991632
2705922
2538715
2835965
2878122
2970345
2838695
2887440
2635670
2394391
2742783
2738790
2668445
2605986
2540462
2236387
2051257
2433499
2493794
2530018
2515388
2455525
2177633
2095906
2563471
2533776
2527952
2508206
2499839
2230929
2098266
2466248
2509328
2420602
2439635
2458743
2150689
2026012
2330098
2487120
2658841
2551947
2626677
2306530
2111056
2467553
2348200
2435088
2407004
2410560
2166410
2018926
2460118
2542169
2549888
2508869
2415536
2031459
1811758
2166348
2195571
2210959
2268883
2281081
2043851
1913533
2315217
2415822
2394957
2415406
2413874
2215909
2075598
2119853
2553453
2615551
2616531
2591475
2315195
2089796
2386270
2339501
2235653
2211044
2211526
1972251
1818362
2266563
2330310
2343464
2312583
1877112
1978259
1906942
2312307
2326668
2313343
2247145
1804587
1766865
1647065
2039166
2104679
2086065
2115008
2102656
1825168
1629806
2030345
2097319
2093695
1720289
1859670
1754892
1635017
2047764
2136755
2139370
2154701
2118194
1842876
1623019
1625489
2069487
2126758
2140610
2140003
1848514
1642513
2041431
2136443
2128719
2137279
2127728
1861146
1661567
2072370
2137524
2128165
2136668
2132586
1858229
1667775
2074972
2159432
2181550
2193869
2172827
1885682
1687601
2096020
2185165
2187720
2192984
2167605
1884033
1693847
2105437
2195605
2184092
2209438
2196708
1905355
1703164
1911518
1715583
2111513
2200141
2191140
1920439
1725026
2126909
2194119
2180126
2206847
2182367
1897428
1699635
2064223
2118774
2120151
2107194
2051142
1779467
1597294
1822843
1881079
1879744
1896239
1903187
1730529
1587967
1854459
1908540
1899472
1864640
1845842
1606559
1537145
1823277
1893587
1897412
1911904
1921012
1733503
1580194
1929220
2012813
2040091
2058442
2038077
1788922
1627151
2030563
2146153
2165537
2157720
2138185
1805106
1626193
2041049
2117982
2134636
2147968
2126864
1828414
1699053
2113743
2219397
2186703
2187774
2149931
1850270
1675777
2064922
2147891
2150596
2167493
2143110
1867272
1711601
2112612
2184349
2188937
2212058
2222907
1964798
1846739
2273656
2391600
2391522
2434702
2388961
2076191
1907347
2277886
2359714
2318744
2288081
2266518
1974215
1843171
2308264
2422633
2423324
2373585
2346039
2079489
1891241
2352479
2435379
2392986
2397884
2448353
2163134
1928944
2376285
2461669
2479702
2539180
2534289
2256515
2084627
2379709
2427505
2110970
2556215
2600355
2308835
2155598
2552012
2613891
2721895
2804136
2817088
2772270
2686539
2960380
3004350
2870003
2914979
2791507
2488142
2345414
2853067
2953219
2896590
2915368
2995643
2708378
2558185
2947523
2871272
2997310
2855288
2729805
2383444
2143808
2570799
2671045
2706721
2784002
2742663
2416362
2387907
2789935
2762587
2919832
2645185
2244485
2322758
2191959
2422389
2467094
2432239
2335144
2050443
2202214
2161722
2478866
2506929
2557240
2609766
2620513
2410916
2442899
2968362
3061381
2961459
2847226
2806611
2477334
2289654
2727282
2783990
2701963
2680386
2682332
2443981
2286958
2621842
2701807
2753850
2740134
2715656
2607901
2583323
2800001
2803318
2835133
2801317
2738068
2448621
2330344
2820005
2757935
2962437
2872947
2898481
2825284
2659596
2768150
2767348
2826638
2780390
2679389
2327100
2161402
2605692
2746804
2726789
2682582
2662589
2354292
2165423
2569539
2545567
2553465
2580191
2537184
2460304
2344792
2559087
2579205
2554325
2467595
2358524
2038268
1868670
2251075
2326569
2350699
2378077
2310612
2168979
2053837
2364169
2511493
2378158
2425404
2416979
2202639
2044712
2395480
2365633
2279326
2263778
2226326
1989431
1770577
1744835
2164839
2286962
2328530
2295818
2023402
1895605
2375724
2461340
2568039
2636300
2567002
2266806
2118500
2478785
2544817
2439997
2400902
2411475
2117165
1912957
2272406
2291202
2250853
2235978
2159307
1679950
1656322
2106163
2175183
2189055
2165412
2129727
1776866
1666807
2076178
2163524
2151913
1761436
1904853
1801188
1671748
2141323
2178336
2172083
2228073
2194370
1885606
1659179
1654256
2081941
2097729
2130490
2109251
1838506
1640067
2070683
2157547
2161178
2150684
2126555
1856179
1676061
2074302
2132653
2124565
2146046
2136423
1851652
1680100
2085840
2161529
2165853
2180946
2145782
1854201
1675005
2086825
2172777
2180942
2192226
2188059
1881994
1688729
2094481
2188180
2198588
2218038
2221130
1938653
1752470
2135917
2202661
2197829
2217365
2211136
1933563
1756651
2161529
2199552
1781233
2139895
2175176
1915565
1737037
2149694
2242001
2223119
2197796
2164649
1893201
1728571
2116996
2176348
2164007
2156607
2092155
1825778
1645105
1923446
1961170
1956980
1952689
1934109
1715626
1568743
1816558
1859354
1847135
1844707
1842196
1704011
1565061
1852392
1923235
1949460
1949595
1943348
1770744
1638669
1990933
2102931
2110945
2118852
2099090
1856382
1684895
2078305
2173398
2184034
2193825
2161904
1885584
1701898
2107893
2177704
2198306
2209562
2200943
1905504
1724017
2125065
2191312
2169998
2168419
2157523
1873231
1720775
2121453
2182876
2193996
2189851
2167857
1880138
1684682
2112302
2203046
2238748
2209586
2171423
1922098
1775619
2208280
2323816
2382424
2401740
2376177
2075682
1874832
2274188
2334571
2379198
2364661
2345194
2055575
1920803
2399665
2545437
2541518
2469787
2425302
2081373
1922308
2332424
2392413
2410428
2394674
2380169
2034189
1839011
1845207
2285837
2385693
2458309
2500294
2202998
2093236
2517197
2545692
2591468
2268699
2481153
2368039
2242133
2641077
2674295
2699645
2740416
2890691
2696593
2602979
2869404
2827608
2720572
2836767
2804849
2473623
2290026
2696843
2789767
2778346
2735440
2737153
2448101
2361680
2828554
2683000
2782167
2768292
2778624
2468485
2271997
2748408
2650312
2782138
2894953
2899893
2637461
2441975
2994844
3136162
3070836
2933291
2598587
2174793
2050747
2406733
2513224
2656040
2741284
2543234
2172428
2190855
2637049
2746016
2757090
2792780
2803011
2503272
2363759
2905496
3073710
3117912
3104239
3010785
2701651
2609615
2959928
2968122
2879017
2959100
2990233
2714761
2565410
2895682
3037971
3113880
3094802
2982903
2716226
2360437
2689448
2748911
2768506
2798764
2765914
2446529
2267272
2659936
2672108
2681227
2772211
2759165
2535248
2346314
2686045
2667786
2743611
2816020
2713733
2423032
2318976
2707992
2791298
2750944
2680480
2595994
2324096
2124562
2506788
2678332
2692241
2748758
2700568
2396181
2300437
2658728
2638082
2557555
2511991
2446155
2192925
1999579
2403866
2456902
2433724
2476311
2483756
2246395
2131378
2436628
2386624
2343471
2352024
2394997
2130378
2042130
2495046
2621856
2705361
2662549
2615727
2364132
2159024
2472181
2588849
2720016
2733083
2631546
2245012
2107933
2489563
2606294
2675440
2664907
2600443
2315222
2172114
2504509
2529740
2498690
2427334
2285268
2025097
1875953
1904078
2284029
2307016
2381064
2383429
2053648
1802858
1712223
2203042
2295669
2303352
2234851
1908893
1709982
1734148
2153596
2212907
2219047
2182052
1888019
1710934
2114765
2194966
2186519
2194548
2195302
1917990
1756197
2164533
2214430
2210416
2214820
2193206
1914547
1745266
2157066
2267759
2217026
1818746
1962456
1858615
1712447
2144991
2191802
2175515
2191735
2180403
1899492
1685455
1717823
2141156
2204623
2216962
2192756
1906648
1721965
2164276
2244538
2239514
2236226
2213840
1923373
1731286
2153570
2239185
2258328
2259803
2249792
1967075
1784851
2192367
2249032
2230295
2264022
2250831
1938431
1789998
2167708
2228751
2228997
2233484
1834339
1826442
1724320
2126897
2210121
2222549
2236885
2220023
1944207
1764028
2125154
2197854
2176998
2182650
2122577
1851393
1673918
1972842
2038076
2026741
2024497
1985212
1771102
1626213
1901693
1964030
1965787
1984232
1973841
1793957
1655210
1829859
1707966
1963345
2013054
2015958
1839544
1694209
2000948
2068022
2104305
2139634
2139303
1871666
1693018
2073124
2185501
2201072
2193116
2181548
1900665
1730720
2120017
2198122
2241846
2240395
2222851
1935664
1754861
2174963
2248077
2237142
2255741
2240356
1944206
1765192
2167044
2249462
2229712
2230557
2216803
1904457
1737981
2160614
2240201
2235952
2242890
2219877
1951901
1791800
2215703
2296615
2311952
2342345
2332624
2099715
1966328
2365994
2447258
2466742
2485235
2476679
2194592
2038841
2455037
2474965
2505743
2450499
2420359
2092948
1897993
2312849
2394627
2437109
2438800
2434090
2150792
2004877
2453730
2495942
2075666
2437618
2480341
2258187
2137178
2548505
2649707
2675453
2675735
2678890
2292815
2178477
2556138
2677044
2740270
2774585
2765884
2445119
2244028
2705903
2797331
2720945
2698456
2705660
2408871
2227250
2660218
2589409
2561889
2562961
2517855
2238689
2132098
2611403
2656244
2605970
2599624
2507221
2269878
2150990
2549603
2599720
2605592
2666202
2703190
2493864
2348932
2713478
2702340
2718848
2737013
2735083
2448175
2273622
2111943
2448899
2555437
2619372
2667107
2577682
2558733
2521949
2718381
2903097
2932406
2907472
2594170
2488018
2985295
3144764
3051862
2953065
2945766
2742253
2726817
3094525
3133131
3129395
3087666
3157365
2853815
2694595
2990435
2980173
2887103
2888026
2954876
2658345
2552148
3022176
3048945
3001010
3054564
3206803
2774458
2449038
2830466
2838458
2791129
2802222
2895526
2655014
2377302
2729353
2841607
2881017
2764531
2791821
2667284
2524798
2834514
2886926
2864165
2907374
2837295
2652362
2641423
2974027
3070430
3049315
3026372
3017821
2779844
2525409
2866372
2822973
2676821
2701323
2683235
2363008
2151841
2590670
2768406
2774992
2683637
2598545
2317893
2216721
2591926
2713664
2667826
2600683
2493959
2194680
2122352
2593846
2608433
2563959
2554722
2526593
2284614
1992535
2322714
2379846
2468938
2549315
2503254
2243031
2126973
2554842
2590496
2641804
2625765
2595124
2382817
2186185
2158451
2604753
2701343
2749208
2785837
2516698
2305638
2619987
2620923
2589536
2570255
2498125
2210015
2038898
2286154
2024830
2437654
2492624
2535782
2306895
2140278
2346655
2068517
2364857
2376656
2310568
1988526
1789898
2212967
2282774
2301826
2323753
2299032
1992543
1799902
2198391
2244645
2244726
1865661
2021530
1906126
1765548
2216055
2305965
2309570
2288850
2228376
1950009
1746154
1766430
2202679
2269955
2293834
2280754
1981557
1796264
2195199
2265326
2285026
2286022
2278048
1967841
1787911
2191914
2258717
2279243
2291079
2272805
1985381
1810159
2252325
2341478
2326681
2313478
2307739
2016758
1808346
2248398
2344993
2331059
2295122
2267748
1953025
1765569
2169971
2272805
2261427
2276580
2247504
1864223
1740349
2137281
2239217
2248517
2232173
2197181
1918261
1755572
2153215
2233490
2253866
2257468
2205927
1907535
1752891
2083135
2142600
2141291
2128145
2071599
1828743
1668648
1940159
1995601
1979856
1960564
1938283
1758676
1629610
1912697
1977395
1746659
1931820
1945806
1805706
1660260
1983267
2086365
2132056
2161788
2175028
1957007
1794733
2194076
2285895
2278708
2268018
2221282
1928128
1766331
2188473
2286809
2277779
2291854
2267263
1989150
1810449
2239834
2326808
2329290
2337063
2302880
2017610
1863080
2300109
2414814
2450224
2426532
2360457
2064308
1908111
2321321
2400809
2429025
2388815
2332988
2060713
1880922
2297353
2349806
2366879
2345055
2331712
2051672
1889719
2316442
2404917
2411323
2409676
2360437
2049136
1890345
2288319
2323848
2374751
2406145
2367379
2095117
1931383
2352294
2448279
2473755
2466007
2445014
2152870
1983259
2389211
2429786
2406447
2128769
2352388
2287167
2211505
2685566
2795306
2736588
2774895
2933165
2732744
2624516
2968010
2980427
3071182
3148322
3116924
2767336
2611248
2949617
3014323
3025189
3056725
3062497
2760295
2497019
2908522
3032464
3011948
2980689
2827544
2444258
2340730
2771368
2865706
2848370
2814423
2908859
2760150
2710429
3194937
3290182
3308212
3332051
3397166
3330700
3207823
3452081
3463453
3424196
3369494
3344530
3096382
2988388
3127034
2790748
3015190
3075052
2881443
2673626
2616594
2863973
2852037
3240512
3315460
3313559
2998023
2900079
3333451
3408167
3255775
3229455
3246731
2915597
2747384
3102774
3163904
3189088
3235168
3184030
2861232
2651893
2983556
3011499
3055151
2980851
2934633
2576613
2384376
2716031
2846818
2833708
2826625
2797139
2451493
2330383
2770903
2830634
2892769
2966341
2889079
2511457
2360698
2746176
2754045
2768277
2960128
2957873
2807062
2626774
2943185
2994796
3069387
3052029
3041634
2655407
2509467
2845279
2836990
2844589
2887239
2912445
2671668
2519260
2764316
2851550
2855720
2848377
2706909
2418111
2268750
2578561
2695173
2629851
2691492
2658496
2353239
2167292
2608266
2661719
2590633
2550892
2518712
2246913
2178407
2569213
2676806
2669767
2726968
2621882
2325307
2104276
2015188
2435953
2513103
2509362
2460299
2200904
2123516
2513858
2587545
2644894
2680567
2592287
2360489
2239912
2626388
2673480
2619971
2573814
2533915
2238756
2029823
2365474
2392730
2377835
2362689
2398924
2155557
2024426
2419893
2463275
2007316
2451422
2514470
2280116
2150011
2494509
2451611
2051066
1979728
2168099
2083370
1935551
2318931
2385196
2363114
2334153
2304875
2010891
1817064
1832764
2261865
2342957
2347428
2329953
2043193
1889586
2312588
2399831
2380672
2353296
2295331
2007394
1828903
2254217
2330401
2345137
2331671
2299818
2019406
1857602
2266208
2320477
2307719
2323649
2300867
2002783
1833091
2286132
2369892
2361829
2370013
2328891
2052358
1866850
2275231
2352472
2365738
2366896
2308781
2010593
1838581
2264344
2355579
2371605
2345765
2330790
2011807
1830551
2257011
2349016
2319309
2312763
2297596
1995118
1804256
2230431
2320341
2326676
2325406
2294134
2022107
1841434
2231582
2309470
2310047
2295296
2252062
1985122
1826712
2177670
2218446
2174445
2124562
2074259
1850391
1706587
1966828
2005853
2008738
2008668
1983976
1783845
1654522
1898238
1941684
1963827
1747504
1897779
1835898
1722197
2048706
2116321
2114851
2120720
2118791
1904559
1753292
2135261
2225877
2236473
2245236
2233833
1954096
1785888
2203483
2302273
2297926
2310446
2276827
1985936
1819196
2237139
2295172
2311443
2317791
2277435
1978705
1823759
2232469
2317573
2325674
2342431
2310254
2006933
1841934
2279529
2396615
2464142
2476088
2425711
2122966
1953825
2355144
2444993
2446300
2437388
2398148
2109464
1969923
2421351
2516411
2549407
2532016
2499073
2212581
2070132
2482577
2542348
2531974
2561732
2604953
2330516
2177581
2534661
2570609
2586904
2679125
2613659
2245765
2077386
2535508
2633057
2570590
2526568
2189505
2207869
2095413
2602731
2737358
2819474
2861540
2891677
2501565
2268620
2237271
2717356
2755117
2766142
2766535
2499075
2327900
2806958
2927608
2918804
2892109
2870463
2593844
2411559
2871221
2969281
2992255
2963473
2917146
2642413
2488921
2968832
3085803
3114011
3162650
3198915
2968056
2835693
3324097
3435294
3361058
3308735
3196619
2865278
2643439
3042747
3122375
3228897
3289143
3162523
2694002
2478988
2641945
2517081
2202307
2454649
2496724
2403625
2330571
2511374
2518738
2282870
2553897
2691920
2695203
2837851
3326788
3536136
3639027
3663492
3650737
3479833
3361246
3586882
3413681
3463437
3281777
3354527
3033623
2826781
3053821
3131361
3136023
3202652
3204739
2989290
2770497
3033391
3088338
3258390
3377936
3369004
3236413
2951939
3150274
3336872
3311295
3453640
3271340
2968806
2792761
3209846
3275036
3249913
3350493
3395624
3206216
3115733
3445011
3487616
3572639
3389996
3240492
2881796
2652739
2969818
3022352
2983717
2935581
2889731
2574280
2454303
2935736
2918366
2805739
2848356
2802789
2582679
2361090
2717872
2720185
2734728
2795450
2737586
2595375
2455000
2723502
2813522
2805404
2784347
2715593
2469387
2242709
2572749
2544293
2580560
2582532
2555462
2262740
2097242
2493817
2567887
2695892
2793769
2797434
2437949
2292837
2782254
2917385
2950034
2991279
2932047
2517766
2252193
2539976
2534757
2482786
2447109
2374190
2142604
2035688
2008038
2399129
2433246
2426924
2403838
2147341
1979187
2358380
2402604
2427609
1932453
2167601
2044602
1892335
2313814
2386814
2370910
1982635
2170794
2025846
1883694
2305218
2295316
2373224
2406176
2381828
2101103
1930281
2339501
2351606
2422818
2413546
2362575
2079592
1904331
2319695
2353807
2341646
1950312
2113607
1991749
1846515
2257335
2269162
2304787
2315984
2285116
1996062
1802645
1819142
2263084
2337139
2379041
2367494
2074405
1884933
2328178
2391109
2388103
2385437
2395049
2100873
1930400
2365405
2442748
2449806
2456644
2404284
2095791
1932196
2353670
2383231
2369350
2358696
2333859
2027183
1851687
2295515
2396404
2415977
2443451
2417511
2102090
1898265
1933627
2365092
2373701
2349748
2342256
2077674
1904181
2283337
2344441
2357417
2344474
2307835
2048061
1847712
2177071
2251524
2263161
2230449
2189542
1962040
1831798
2116732
2172991
2176725
2167142
2148075
1966290
1828561
2080986
2113525
2114517
2073637
1808953
1821512
1711775
1992511
2059462
2050826
2061493
2078643
1897506
1755571
2117901
2227880
2257768
2268004
2229369
1955559
1784671
2197993
2285773
2300248
2310533
2304808
2015393
1854300
2271801
2339215
2346678
2359098
2323230
2010389
1845573
2249538
2291536
2320583
2365133
2330214
2029192
1865027
2281868
2342503
2351390
2368401
2352208
2053754
1898269
2304487
2393015
2444414
2422426
2390388
2100889
1992840
2484135
2613774
2616049
2546853
2487308
2174705
2020131
2451958
2517428
2554744
2600365
2618659
2351257
2257064
2691192
2794768
2883132
2974710
3021262
2734722
2589366
2992494
3091471
3052657
2986524
2826151
2455268
2400207
2765647
2846687
2852844
2863366
2912591
2689489
2503644
2627522
2442281
2886649
2953232
2975506
2645416
2500933
2971663
3000063
2950423
2951399
2891804
2496826
2281787
2728843
2845751
2918081
3030105
3052298
2779421
2515394
2908984
3035764
3050114
3083543
3088081
2827763
2797236
3246956
3245421
3320819
3298305
3101583
2694197
2526269
3089440
3301534
3325227
3311221
3184882
2804989
2659976
3158013
3258570
2950948
2556042
2778199
2670222
2611514
3001056
3045085
3061184
2839632
3027415
3103169
3068789
3323891
3326086
3347583
3367649
3177064
2784106
2556347
3017725
3026549
3110711
3208323
3167937
2852225
2822506
3329131
3263184
3183227
3251412
3197915
2875666
2766116
3321841
3345599
3385275
3402662
3413612
3027391
2633420
2982519
2999047
2983400
2952041
2905972
2624753
2591883
2969376
3127665
3117692
3054394
3122644
2815281
2675425
3076582
3172539
3103591
3222390
3301669
2942356
2749813
3234224
3274582
3277943
3289886
3407120
3128105
3018317
3354279
3375846
3340427
3226323
3092081
2778351
2657461
3132401
3231352
3233685
3296932
3280283
2785352
2546968
2826235
2734791
2646722
2648868
2688998
2413270
2284376
2817633
2994337
3057855
3105234
3094343
2796148
2578443
2853494
2843281
2775692
2681831
2690182
2411338
2235922
2673198
2811434
2882826
2868990
2893992
2631660
2402457
2376316
2792734
2790640
2730197
2680957
2375425
2324096
2772327
2770332
2605777
2556154
2531457
2190561
2003225
2376428
2436814
2494540
2562170
2536769
2054538
2021594
2455888
2580830
2649973
2684925
2659136
2355977
2246756
2575595
2545342
2535453
2544951
2488695
2145813
1932805
2316739
2358779
2353289
1969259
2101764
2007759
1905309
2315644
2384366
2384706
2359086
2354840
2061580
1874378
1903937
2339738
2373544
2389950
2367009
2061544
1881715
2305376
2391351
2410236
2431681
2375686
2055086
1870629
2283663
2351897
2373771
2394078
2375593
2063868
1885281
2310040
2402968
2384738
2373760
2370656
2099367
1940933
2362049
2425185
2440293
2412455
2377316
2082111
1925740
2333993
2400778
2390361
2375177
2351062
2061271
1896234
2302982
2353809
1985951
2344523
2384241
2097974
1909065
2308997
2378925
2389262
2396765
2372288
2072714
1880363
2256000
2323079
2334848
2341564
2295124
2039522
1875771
2157487
2193957
2147775
2109645
2083800
1905398
1792509
2044830
2068498
2047660
2048118
2019856
1858460
1744466
2032522
2092619
2094049
2108695
2074691
1871443
1746610
2113294
2202598
2212596
2217883
2215037
1976578
1832811
2233194
2314548
2326244
2353186
2352416
2071462
1915351
2334112
2399115
2407115
2407287
2383661
2079855
1888043
2316108
2387065
2375861
2373730
2351254
2075406
1902779
2341339
2411705
2421955
2459905
2409206
2126129
1978892
2408074
2478495
2460251
2463599
2449373
2146333
1990203
2399397
2470721
2485448
2512532
2508748
2232911
2071963
2516221
2575742
2607899
2647242
2687765
2454532
2301378
2707773
2755808
2649338
2592879
2562393
2227654
2055840
2494623
2638301
2736463
2684343
2628246
2335819
2221436
2337992
2776240
2824194
2816200
2795208
2549128
2407051
2909605
3023859
3096659
2722645
2910841
2767740
2713835
3226776
3231948
3124509
3086950
3066700
2878520
2676785
3006544
2926672
3031374
3199228
3150469
2753946
2657302
3098823
3209418
3244132
3253483
3197796
2955519
2810018
3217505
3335400
3367966
3423550
3385559
3125439
3041228
3391294
3419712
3470096
3383124
3264708
2974736
2811370
3270968
3434873
3524433
3213713
2827812
2544646
2740070
3138068
3196855
3148251
3070806
2880893
2521604
2577399
3151867
3328749
3304656
3197750
3107444
2819179
2650313
3068094
3148910
3132756
3203015
3324323
3050092
2933201
3297271
3339283
3310643
3205339
3078893
2793627
2748326
3300146
3502333
3646546
3665918
3543242
3288320
3190868
3470606
3400050
3375685
3331165
3286590
3061080
2866463
3283792
3286465
3244630
3244481
3152481
2743439
2720017
3220404
3348973
3449828
3481350
3411290
3163221
3049679
3396377
3541789
3569001
3582897
3618113
3314471
3207283
3748375
3725177
3638058
3631158
3627842
3300516
3170093
3518143
3519834
3413007
3275569
3274648
2965451
2768989
3095176
2991518
2800975
2708275
2652402
2347569
2157214
2561201
2671416
2640889
2670688
2593499
2322543
2161079
2173938
2630378
2696863
2706741
2614697
2292933
2128221
2547945
2642643
2661351
2708950
2804354
2665495
2501651
2761011
2738832
2708828
2715530
2734795
2531058
2384224
2693320
2745534
2756231
2706474
2632521
2328132
2181252
2571497
2614332
2558790
2517073
2436418
2109112
1858943
2291748
2374923
2396228
2056903
2195963
2114311
1987520
2417208
2504668
2505470
2506911
2477311
2172241
1985201
2201772
2442589
2478472
2454479
2390224
2089507
1939132
2349240
2405638
2389340
2396922
2372682
2072578
1908899
2324954
2361388
2311393
2315574
2350303
2044448
1885998
2330481
2383961
2382314
2377705
2352468
2065996
1906902
2318887
2387636
2393241
2402236
2403801
2131264
1967834
2393137
2459774
2472413
2496084
2452309
2135875
1959416
2424002
2501666
2450978
2431977
2363306
2099681
1958452
2335764
2363978
2371419
2379954
2363646
2078058
1902917
2340138
2434637
2438005
2049999
2244515
2105129
1951606
2353242
2394780
2400195
2413434
2374179
2080601
1910576
2297404
2378726
2400294
2385335
2286430
1975173
1812139
2071797
2107455
2092955
2098247
2088901
1896788
1754259
2000558
2051347
2057816
2052917
2038863
1866634
1729534
1748005
2016136
2071359
2102540
2098083
1897570
1768208
2106178
2199181
2212917
2239706
2208240
1982121
1838309
2245661
2362007
2388423
2392567
2369113
2092262
1924971
2332008
2389775
2385936
2405869
2370078
2061528
1893451
2320294
2387022
2394791
2406397
2372534
2057952
1916420
2346269
2428282
2430275
2439243
2402209
2102422
1942205
2348177
2432082
2439132
2449215
2436142
2151075
2018871
2469248
2517502
2564207
2563550
2514013
2189201
2015859
2418382
2473043
2482019
2495784
2467853
2181781
2023560
2458613
2576870
2578915
2562529
2532282
2221015
2060616
2500667
2546476
2521351
2490991
2462236
2155980
1984413
2212093
2120176
2552204
2575507
2607630
2357952
2246406
2699288
2737606
2806854
2873752
2478299
2530758
2414285
2878298
3008952
3002598
3091839
3189453
3002587
2902896
3334243
3224229
3358688
3408548
3468626
3240522
3060906
3335072
3382227
3445275
3489669
3366074
2954801
2758414
3183852
3334235
3356558
3369793
3368127
3158149
3134543
3488348
3460830
3491578
3480073
3355176
3057989
3085614
3432278
3568037
3608389
3571478
3412042
3077400
2830976
3168443
3400809
3524868
3519232
3557600
3071000
2828319
3158622
3405327
3492725
3622265
3623859
3265212
3038587
3455082
3564396
3582363
3509797
3451775
3161287
3033725
3441284
3428155
3290603
3190615
3174883
2915173
2879731
3429707
3602799
3581870
3609905
3767917
3511451
3222721
3537897
3571934
3615772
3652234
3677320
3397718
3176568
3438216
3504421
3454662
3447814
3470871
3221678
3088581
3346180
3392488
3325191
3194113
3175716
2867559
2746569
3124049
3346839
3351166
3394713
3385297
3122359
3038354
3424221
3428161
3402076
3413042
3371466
3055485
2939279
3271561
3353692
3263687
3098567
3147810
2954490
2935116
3326235
3288791
3254101
3271553
3245495
2912614
2685620
2994625
3071063
3102359
3044226
2903745
2511616
2245624
2562635
2663333
2735479
2759402
2625948
2292164
2163798
2590814
2669181
2823869
2863512
2782024
2451429
2310576
2835353
2934721
2856619
2836007
2657013
2381789
2164894
2150875
2576917
2610301
2572840
2480521
2138484
1981519
2368970
2408949
2409866
2427748
2421116
2194549
2081035
2032623
2396232
2396926
2371018
2342020
2061393
1889990
1960770
2418032
2470653
2424971
2368475
2079000
1905606
2299621
2360579
2359780
2355149
2317616
2058645
1898857
2309616
2372019
2385931
2052123
2163309
2019355
1877148
2319805
2409476
2461520
2466576
2406609
2074419
1862356
2026814
2321339
2349019
2346843
2324200
2045353
1886162
2322945
2415651
2413331
2409549
2368731
2070902
1905502
2330042
2382224
2375062
2370989
2350981
2073156
1900779
2299600
2376182
2375285
2395530
2388322
2114292
1938796
2370309
2460907
2399399
2381312
2340789
2059301
1879763
2331972
2437271
2431729
2416824
2019895
2026752
1932345
2362207
2446137
2439422
2440619
2440443
2114927
1929620
2345962
2435564
2415783
2371124
2266455
1977047
1828012
2102389
2119287
2089874
2071564
2034013
1835634
1708868
1982800
2028611
2035255
2025017
2021186
1844504
1718924
1879184
1763087
1988878
2024445
2011119
1849661
1719091
2056373
2151821
2181569
2184551
2177256
1948180
1806478
2219842
2312929
2299661
2313498
2299997
2024587
1882256
2313965
2405346
2413087
2412753
2340592
2049446
1895229
2319173
2388937
2386320
2383867
2342488
2047626
1881304
2291502
2353413
2358454
2369009
2346296
2056503
1894982
2299938
2352867
2353432
2368236
2332391
2047967
1902094
2334663
2420627
2419671
2434228
2411938
2109506
1980730
2405439
2450285
2458211
2456713
2437624
2151950
1993172
2420818
2495964
2495692
2505699
2490463
2179395
2009390
2422510
2471530
2505926
2464872
2439485
2141033
1974545
2383733
2474976
2200210
2691864
2848747
2648007
2545715
2980922
3041739
2924990
2832830
2886690
2528237
2351763
2794310
2783873
2739741
2722473
2732021
2502603
2418531
2904522
2950886
3017147
2914061
2838360
2432012
2304298
2734840
2840634
2915263
3064729
3028019
2684855
2516951
2877888
2852159
2935020
3047341
3024775
2831811
2782006
3244925
3280932
3267608
3331418
3322717
2972043
2877067
3282581
3404452
3467610
3459563
3420842
3253851
3152744
3041309
3374919
3419591
3410883
3336294
2937353
2669751
2506484
2988373
3197034
3189494
3107435
2762755
2613535
3022699
2969610
2988843
3077129
2982555
2661581
2547626
3115035
3154899
3058324
3008404
2860307
2565122
2542488
3168833
3408202
3555242
3681844
3731073
3414108
3171707
3477782
3467680
3466891
3396449
3272976
2933879
2838657
3218368
3250660
3354211
3293804
3246973
2900264
2655331
3072767
3146345
3189977
3150112
3085897
2716803
2581360
2995917
3026205
3000363
3034281
2955900
2653731
2553137
2995790
3034854
2927217
2964415
2938367
2549902
2378615
2713832
2944989
2947783
2917327
2943544
2657887
2487092
2809601
2806307
2839610
2838650
2823878
2552540
2427013
2976732
3211437
3231962
3241626
3202457
2980038
2736011
2931306
2886883
2844954
2874068
2993721
2795789
2468228
2724378
2744867
2863791
2858968
2695004
2343648
2144388
2133829
2525688
2521679
2525261
2492060
2176920
1983480
2353066
2407355
2406327
2424102
2399846
2116921
1945116
2323015
2387648
2386606
2393848
2377405
2090881
1915699
2119700
1884490
2329098
2412785
2425360
2159443
1979808
2235680
2047893
2387486
2404827
2383834
2104187
1929969
2354824
2442428
2465429
2110849
2216277
2066256
1943741
2359236
2418690
2406833
2413159
2386839
2073653
1884105
2133415
2410463
2444952
2443974
2398518
2085690
1891620
2304861
2366460
2369607
2386936
2372323
2082973
1898516
2314503
2384423
2383848
2386555
2331972
2032128
1896136
2310005
2400128
2386711
2380070
2340196
2035669
1885613
2287677
2361601
2366207
2375925
2349166
2078841
1901035
2289361
2381281
2355310
2374524
2363812
2097638
1928468
2313366
2391085
2387432
2402572
2377484
2023472
1928081
2350418
2426540
2438072
2450957
2377086
2084486
1900783
2300943
2339791
2341948
2354132
2319996
2038788
1881648
2179306
2230641
2216673
2219666
2184575
1989089
1857684
2109942
2112820
2091098
2101714
2108260
1940656
1812267
2051120
2083604
1869653
2038756
2069007
1921732
1793216
2119344
2197175
2226729
2249354
2247549
2035019
1902681
2306387
2372163
2365424
2356201
2345933
2074302
1928092
2332642
2387968
2407868
2445374
2413161
2129016
1958776
2366928
2435609
2448524
2449841
2439286
2150342
1980635
2390405
2435131
2460653
2476268
2443869
2158616
1988244
2382040
2468182
2517992
2582498
2591221
2287931
2091254
2484258
2542270
2532171
2540495
2493449
2208548
2053558
2479190
2559436
2591483
2608184
2615912
2307312
2153485
2564377
2616007
2620220
2603797
2691563
2497156
2448832
2898928
3036735
3068777
3081397
3043047
2695099
2504915
2887046
2928760
2930242
2604544
2730169
2573088
2418097
2897055
3025274
3112509
3063833
3056028
2838845
2577802
3054477
3247570
3157088
3318556
3389576
3283175
3159582
3388846
3227674
3089671
3091300
3110986
2938018
2780624
3210842
3311985
3393925
3424356
3266954
2880646
2695094
3072576
3162640
3097187
3065020
3011627
2872438
2683863
3198004
3386061
3473194
3572672
3636780
3448685
3421714
3785637
3850990
3859360
3803027
3682832
3388837
3219568
3292895
3043657
3298999
3299383
3282125
3090390
2925415
3095965
2931964
3469216
3585960
3430050
3056545
2798438
3149044
3327074
3310917
3304745
3215633
2989208
2881689
3299031
3358054
3311995
3294564
3158452
2739569
2582216
3097927
3152787
3236787
3262354
3286695
3062286
2962671
3389380
3497899
3491959
3547169
3420543
3116935
3050893
3347009
3382400
3212854
3240835
3219009
2911151
2781100
3209576
3247276
3227453
3296998
3389408
3209162
3021057
3256271
3240787
3168048
3076782
3043205
2698252
2516628
2858642
2994933
2992481
2990055
2903819
2584766
2425445
2881413
3133628
3253507
3313343
3197282
2904835
2734524
3199644
3195525
3033698
3044111
2871148
2559198
2466623
2967407
3112089
3191452
3268666
3237285
3006650
2919544
2992659
3231965
3185462
3150457
3176569
2746415
2568487
2988757
3002678
2939884
2890096
2850796
2579307
2550942
3091017
3172720
3099509
3014543
2952350
2665106
2476947
2906379
2972041
2936025
2998138
2956358
2561726
2374580
2780955
2774759
2698734
2686062
2610250
2267707
2067808
2543698
2684849
2723941
2238551
2377148
2173839
1997004
2389770
2437503
2416181
2061858
2200241
2067600
1906743
1985672
2360663
2419734
2431163
2423377
2143025
1980842
2381789
2442520
2438531
2396331
2402521
2152935
1989150
2401403
2486824
2460833
2461890
2422892
2128670
1969400
2381817
2433431
2426476
2447633
2437591
2158158
1993105
2367583
2408975
2401711
2415684
2390348
2111719
1975257
2385852
2419607
2415880
2442188
2422579
2148104
1979730
2384841
2472611
2468335
2472244
2441778
2154025
1992764
2417401
2503553
2501567
2453551
2411866
2139724
1961052
2344606
2424761
2432961
2487581
2436447
2108999
1911715
1953361
2381697
2450948
2458243
2424409
2158162
1975519
2349845
2430094
2440222
2455312
2420878
2121210
1957067
2332411
2374140
2397468
2411243
2290526
2034871
1899011
2165137
2203226
2222211
2194827
2145765
1953214
1830733
2076925
2122748
2085980
2079154
1861002
1871310
1790264
2103716
2186131
2190967
2213521
2215916
1991536
1877052
2233279
2345523
2383714
2407207
2397043
2137811
1971329
2363017
2445196
2447038
2443272
2436100
2128047
1962646
2354280
2437494
2452167
2463135
2402945
2125549
1968647
2380321
2472974
2491392
2518779
2478655
2190495
2048482
2461715
2553543
2560650
2558259
2521031
2237776
2089880
2495304
2612288
2625959
2647763
2713174
2460106
2308420
2608352
2611264
2628925
2659823
2618293
2286909
2099967
2477681
2541831
2568931
2592431
2607936
2374293
2246483
2616649
2678790
2767098
2833570
2814971
2460059
2297544
2693723
2882487
3048334
3141110
3045597
2625111
2493552
2818478
2889687
2934149
2933494
2876945
2604862
2417999
2575926
2438872
2914014
3050532
3058832
2688805
2506980
2933208
3052223
3044325
3070600
3015783
2854815
2841967
3260636
3443674
3474892
3501599
3499695
3180808
3004510
3404447
3491028
3487370
3468803
3298551
2986625
2958132
3477452
3568984
3572807
3582420
3637080
3381378
3142537
3529415
3595193
3599131
3531310
3276026
2957858
2740662
3030649
3039143
3023821
2754061
3129168
3201006
3204175
3458642
3435653
3289863
3000362
3308781
3345289
3376562
3834128
3935205
4070607
3974036
4029501
3744546
3557846
3851558
3741163
3668327
3637250
3594934
3192586
3012319
3341328
3470116
3540051
3568371
3346358
3064980
2974224
3405743
3495396
3512695
3509480
3523088
3253345
3174884
3611155
3628912
3615991
3429212
3322778
3178624
3143960
3450789
3395815
3499315
3527658
3527462
3301612
3227866
3517178
3468316
3362500
3392946
3332898
3007705
2886960
3206826
3204994
3147498
3167113
3053330
2729075
2588228
2898638
3070575
3202133
3297212
3235872
2931839
2686483
3045951
3137559
3041732
3018993
2860442
2570215
2397793
2745518
2769770
2722067
2675864
2753332
2625053
2532701
2824317
2930379
3022242
2961285
2869857
2652755
2572692
2869745
2877870
2835187
2787092
2706956
2421300
2245252
2553447
2654617
2763235
2640906
2528657
2325660
2191051
2151067
2472719
2512185
2571829
2567996
2335604
2194061
2511490
2526365
2475336
2435998
2378257
2173333
2119301
2533199
2640049
2649023
2556805
2064605
2094891
2002101
2396422
2497455
2459676
2403295
2042478
2050617
1949344
2320050
2407541
2410756
2408118
2392511
2130180
1992170
2337338
2372285
2342097
1977317
2096381
2007367
1894397
2298626
2334468
2358328
2381887
2320824
2041576
1875287
1940290
2302668
2358784
2355942
2319191
2051790
1904281
2316675
2369468
2389877
2379326
2331923
2057253
1913194
2322821
2352244
2368290
2401106
2340134
2044959
1898953
2287874
2366715
2386787
2404254
2359726
2075839
1949447
2390995
2497668
2524973
2515745
2455332
2156149
1977616
2358273
2410495
2399172
2404772
2371766
2099514
1941428
2162061
1999593
2371916
2449871
2353285
2041608
1892090
2305586
2412134
2414283
2405219
2333047
2047388
1902867
2247553
2300929
2318265
2298260
2239570
2007739
1827933
2062719
2129920
2158295
2172329
2133164
1942968
1802555
2031210
2086545
2106240
2130603
2125139
1921844
1856380
2139270
2216668
2264218
2276114
2223576
2022075
1895322
2271967
2331459
2334124
2369163
2332825
2031869
1896236
2317104
2429065
2407670
2412183
2375356
2063999
1916562
2318231
2407334
2417603
2420369
2373085
2079713
1933087
2324024
2402142
2434096
2429036
2384261
2090792
1947824
2332817
2405071
2405304
2409310
2369555
2095941
1952219
2344518
2413843
2422928
2444018
2419565
2157661
2011205
2435494
2492748
2469612
2479221
2435706
2145996
2024184
2433324
2553058
2633876
2801249
2895318
2565490
2470017
2922072
2945367
2878303
2841179
2775785
2443846
2229038
2642522
2721565
2722259
2695893
2694964
2405255
2244407
2698558
2858020
2863149
2957991
2958731
2701983
2624629
3064339
3149886
2784592
2973929
2833542
2509255
2379054
2714673
2791624
2829133
2862626
2778126
2454728
2370339
2857609
2845176
2932726
2946848
2976709
2737160
2603036
3136225
3241395
3245708
3195789
3248892
2880896
2639129
3056980
3147887
3083126
3066042
3187655
3062082
3147197
3602763
3802306
3875770
3907715
3886373
3775078
3628817
3740609
3541180
3442682
3170764
2763653
3022578
2950059
3157976
2992680
2830152
2836654
2835485
3153566
3232499
3804830
3943032
3957490
3979364
4068953
3919015
3704580
3952607
4028373
3849965
3765043
3666651
3388063
3024744
3505388
3664842
3663016
3604938
3536606
3248061
3104187
3529358
3788322
3875793
3836022
3668077
3414562
3400472
3773798
3788133
3565029
3524515
3381676
3099878
2998334
3495136
3745719
3878738
4044304
3988513
3812046
3612409
3837754
3806603
3702606
3509237
3463982
3247948
3074979
3278729
3188451
3170493
3161005
3122956
2916356
2689145
3184574
3180479
3309401
3374917
3441391
3236713
3277227
3696390
3751663
3829996
3809933
3707034
3280552
3071677
3310505
3244789
3113129
3006677
2848245
2532732
2421635
2814996
2769924
2743529
2745464
2802040
2607960
2464316
2726147
2856875
3019511
3041726
2997037
2723424
2565615
2544031
2788809
2783781
2850185
2731951
2353468
2272565
2771550
2842859
2809644
2761662
2684889
2357396
2146117
2471754
2517471
2540906
2554900
2515876
2195489
2013376
2387805
2438852
2406808
2401672
2363863
1984658
2020303
2565194
2797319
2889324
2868500
2757760
2348812
2220708
2568014
2693873
2729479
2409099
2516623
2355153
2203773
2528290
2539964
2511423
2496459
2410476
2091271
1914143
1994689
2348750
2384176
2338508
2334934
2085006
1958134
2348989
2419974
2412681
2401991
2377299
2100991
1940818
2315550
2398790
2409603
2420873
2380710
2081117
1926871
2318476
2378913
2388108
2405231
2364307
2096550
1978782
2355707
2399169
2392902
2325009
2360134
2119069
1978359
2396827
2477056
2484185
2509009
2500268
2181768
1997045
2396269
2464282
2483761
2521613
2516130
2211417
2047624
2430263
2470351
2129460
2397337
2431045
2127832
1950551
2380823
2481391
2457426
2426211
2366560
2076912
1908818
2288807
2373639
2393899
2367390
2289558
2051874
1887557
2126823
2148719
2153567
2136176
2112802
1950975
1828071
2075724
2127916
2138083
2123337
2095903
1932406
1825275
2089783
2134828
2148131
2171302
2192627
2032442
1916709
2259391
2309870
2329763
2392317
2373570
2065641
1932399
2313350
2390057
2403939
2417602
2405172
2112857
1964494
2357233
2327878
2383588
2400940
2375381
2094915
1954185
2337964
2415281
2435764
2439579
2400472
2123247
1985655
2376186
2445925
2432286
2357967
2394960
2149854
2070708
2525663
2615634
2581242
2579607
2575475
2258473
2077092
2476001
2546056
2531831
2527162
2482555
2192309
2060212
2471584
2482433
2582356
2652460
2680889
2434622
2418115
2891597
2898779
2902292
3041012
3020817
2709364
2518282
3013047
3159296
3078388
2934710
2861360
2514886
2349768
2426372
2869151
2852987
2775138
2731260
2477428
2478350
3100741
3124162
3134551
2870272
2811236
2539200
2422809
2964148
3166527
3308988
3271358
3232254
2923730
2819827
3324902
3464583
3518856
3611511
3660817
3512494
3387921
3811868
3993420
3977617
3995750
3998922
3795125
3506800
3703785
3687408
3650693
3757060
3836414
3436068
3264244
3838306
4070304
4189653
4129482
3963684
3769903
3511969
3696164
3661373
3587829
3580721
3536626
3360722
3533464
3797877
3630566
3444446
3369913
3336191
3133122
3209344
3776138
3955896
3918690
3573070
3271402
2890423
2842558
3453133
3523232
3437703
3215602
3149447
2867862
2792590
3236468
3315664
3486318
3667680
3795159
3588107
3392016
3755932
3736031
3696450
3749270
3794094
3556370
3494835
3934717
4006983
3893115
3700962
3513980
3059994
2906403
3327926
3324948
3376957
3366230
3181767
2914907
2867386
3258367
3371574
3290614
3296978
3308870
3100132
2899908
3236282
3301467
3389053
3324234
3167500
2883330
2839834
3289417
3430412
3474690
3406945
3387022
3057396
2905527
3268284
3246534
3177262
3175410
3046263
2806087
2635950
2882717
2922195
2881205
3040666
3007202
2722389
2600643
2895088
2918473
2852292
2766358
2673175
2384056
2302902
2613160
2698276
2732971
2761987
2596187
2233956
2148180
2578325
2635222
2529771
2448828
2391454
2111861
1977365
2366724
2484044
2581506
2597122
2566509
2285246
2113392
2438884
2452678
2434403
2424182
2357654
2115335
1929132
1950241
2313904
2380466
2445997
2437330
2119894
1889036
2299287
2399200
2406505
2399316
2353436
2076748
1924372
2308236
2370289
2378800
2374276
2338982
2076692
1943319
2323028
2371763
2388388
2384085
2351691
2074371
1915410
2303165
2361488
2374196
2384417
2356079
2083860
1926811
2316000
2379484
2378341
2039455
2160785
2037497
1904648
2297156
2366558
2352369
2351074
2342109
2045709
1887145
1979031
2340587
2389939
2399307
2364716
2071178
1909977
2326375
2396791
2397090
2376359
2346710
2088410
1954787
2396970
2470171
2422351
2393889
2361884
2085786
1924189
2328005
2414512
2414670
2408727
2368670
2110732
1946919
2337476
2416040
2370673
1986745
2138482
2026080
1890154
2238784
2330091
2338280
2333693
2283927
2012940
1864499
2231029
2282718
2283563
2267817
2208651
1955745
1812344
2084404
2141056
2148265
2152424
2142516
1959468
1795579
2014850
2044630
2059589
2082108
2085159
1926787
1811953
1827364
2077380
2135438
2161731
2166904
2011162
1904124
2235954
2315793
2307889
2321401
2292732
1998340
1871362
2241473
2326111
2351344
2378566
2377367
2099858
1943390
2276543
2351377
2363726
2393738
2384150
2100564
1949066
2328723
2397090
2389325
2388314
2367652
2091509
1950822
2327821
2394484
2401627
2398210
2361490
2082246
1926619
2312502
2386336
2390751
2392125
2351408
2078227
1925416
2315700
2382957
2392872
2408125
2396556
2192830
2071928
2425660
2454348
2471551
2472999
2455658
2218974
2105284
2496059
2596345
2682978
2794598
2860085
2595229
2352747
2686857
2736042
2738299
2736192
2655104
2327853
2166069
2356543
2276318
2639902
2663745
2644161
2382066
2275705
2740669
2827862
2798722
2799620
2479832
2412586
2343639
2829883
3024696
3095054
3039361
2980947
2687905
2532126
2917183
2972263
2968394
3048747
3112536
2842644
2674881
3109579
3171439
3111634
3086188
3014062
2818096
2597295
3063589
3253238
3215551
3195925
3144784
2883372
2860672
3159057
3269016
3275073
3350359
3250886
3125540
3123329
3532073
3425336
3297967
3104565
2988452
2855499
2740548
2966194
3177776
3208175
3180975
3098651
2790893
2468441
2922251
3253062
3267364
3319028
3316749
3026972
2832426
3231313
3291101
3317579
3431250
3415325
3255116
3265338
3671944
3776754
3768215
3499758
3345455
2954238
2763747
3188641
3309998
3273890
3287282
3321258
3129768
3152561
3705734
3831205
4017054
4203737
4285033
4086147
3982919
4233118
4380726
4516830
4454992
4333121
4222709
4084870
4162057
3954605
3797001
3625596
3534750
3158890
3050935
3516231
3612521
3551149
3429565
3206689
2854965
2698115
3163780
3174821
3054614
3011037
2956651
2692411
2617638
3193879
3312054
3349118
3245686
3206963
2828502
2608982
2897739
2886479
2833075
2796001
2720595
2512838
2510943
2958054
3042853
2976967
2825934
2684456
2329328
2156523
2482953
2523313
2506865
2491608
2462272
2258418
2185824
2590497
2660437
2743734
2774052
2699790
2473741
2352563
2383166
2789465
2847525
2824569
2783160
2523044
2491103
2963530
3040634
2977733
2918255
2858064
2546958
2407966
2854112
2904634
2896132
2775860
2674245
2377542
2188144
2393203
2111089
2507295
2500869
2462719
2226553
2110915
2314540
2123878
2415920
2401540
2359974
2079399
1953307
2330686
2442678
2487450
2145235
2244318
2108388
2016032
2482569
2512668
2419625
2374969
2314704
2006299
1827429
1906550
2257487
2312856
2316255
2286758
2006185
1852311
2230762
2314424
2316875
2324547
2269685
1993880
1889941
2249440
2328554
2340147
2322599
2291082
2017398
1858858
2246679
2319193
2324098
2331795
2267518
1983916
1867906
2269065
2364625
2381920
2399323
2319503
2038820
1872831
2243611
2331498
2350661
2345071
2282170
2013729
1863088
2251056
2323581
2325449
2338459
2312553
1953770
1862258
2242325
2330071
2357587
2340377
2294635
2006762
1859530
2231941
2321467
2349679
2368602
2296036
1992010
1827110
2121027
2185536
2192030
2177950
2133843
1917300
1771339
1979991
2013678
2036187
2069602
2071410
1907085
1779957
2014007
2056931
1865355
2036062
2093561
1967104
1853096
2170865
2246427
2214516
2214449
2198232
1959988
1794715
2169573
2271483
2294954
2279723
2227773
1970429
1849456
2237583
2313759
2331742
2333020
2302483
2019605
1871241
2270907
2346462
2320203
2305077
2281281
1990537
1856884
2239901
2314184
2312856
2345144
2350330
2069925
1924278
2297135
2386403
2423165
2414534
2364236
2103483
1986866
2378920
2424867
2443957
2443448
2381564
2109840
1984439
2411625
2440312
2458936
2461334
2416426
2217956
2170759
2595066
2683907
2645948
2572691
2502120
2212722
2054022
2404237
2477725
2527586
2568104
2620628
2552298
2598703
2996773
3030078
2998364
2619258
2760179
2551407
2447689
2876405
3026773
3068449
3063040
3010184
2613387
2542666
3043933
3103448
3143307
3140087
3104624
2741734
2571977
2983439
3058393
3107534
3111388
3069053
2700951
2502148
2946911
3122648
3250517
3361245
3438455
3278675
3137360
3440527
3429259
3543684
3672487
3699898
3354532
3251735
3575959
3724331
3903300
3842633
3532773
3010165
2855941
3220702
3279590
3314605
3313716
3158150
2881000
2589335
2655301
2426047
2753801
2845211
2831421
2673197
2648895
2795992
2617156
3102224
3198058
3131116
2885992
2809546
3262963
3433918
3502179
3435871
3363432
3161867
3104335
3663520
3765137
3821060
4014457
4079050
3663161
3470893
3755514
3779251
3753181
3770851
3902878
3558802
3246450
3490087
3421320
3213851
3220713
3172637
3074349
3147807
3370109
3442770
3598404
3695525
3618535
3453461
3333357
3579064
3700870
3712067
3692629
3463043
3182596
3080898
3407909
3501068
3499561
3692136
3794139
3752918
3615272
3849912
3816359
3754957
3678260
3664654
3353793
3113138
3323056
3199555
3090306
2987452
2913618
2620563
2585157
3177990
3469630
3661239
3641393
3615792
3239061
2976465
3365000
3347708
3287344
3257877
3067282
2750929
2707886
3145870
3247672
3263372
3283530
3275415
3007097
2858643
2885406
3184148
3185880
3269361
3279895
3027951
2790187
3085541
3073193
2982254
2872265
2800179
2476278
2128655
2404655
2459169
2411946
2396387
2488315
2356473
2231341
2568426
2569420
2475856
2389992
2426676
2344288
2326890
2690393
2692207
2226324
2523057
2503425
2210402
2012169
2318209
2312205
2011110
1974399
2164959
2090866
2014302
2403441
2467624
2490997
2556273
2515530
2263598
2131223
2247373
2608776
2599852
2622036
2715882
2407618
2203059
2460212
2529490
2591913
2616445
2544667
2178653
1981388
2334469
2357650
2335146
2318222
2275406
1998703
1871558
2245467
2302821
2314224
2309383
2268707
1994118
1853287
2264252
2339574
2340050
2322806
2272061
1996620
1869851
2242042
2299681
2300394
2308165
2285729
2019108
1863990
2238992
2311425
2326145
2322487
2299262
2032145
1885047
2294965
2374910
2383525
2358091
2326227
2049749
1887322
2292057
2367375
2370831
2368133
2338026
2070160
1930996
2337784
2388750
2372690
2394261
2341601
2041608
1860880
2137055
2191138
2220598
2254347
2214337
1944464
1816804
2085130
2096744
2049186
2017512
2002815
1832644
1726877
1975378
2009028
2008035
1825621
1966046
1875824
1779946
2044351
2086177
2104161
2130014
2140726
1932109
1794074
2127646
2226865
2240116
2258538
2241743
1980185
1837255
2209372
2306190
2343419
2349668
2297832
1994172
1851674
2222280
2269637
2321835
2347065
2319237
2044316
1906388
2289840
2401173
2392957
2383416
2322160
2036962
1894630
2257659
2320617
2332860
2335155
2301838
2025146
1894357
2261645
2341944
2355787
2362492
2326145
2040141
1913874
2288232
2365877
2388117
2478582
2554428
2357811
2256317
2583937
2621067
2626559
2552638
2516578
2212328
2036553
2383763
2426988
2419307
2441334
2409486
2107818
2002308
2391138
2544501
2647786
2695221
2390929
2290821
2259539
2728933
2897374
2754210
2670363
2682006
2507524
2404275
2580907
2944483
2987175
3119926
3182329
2947917
2807028
3208062
3301010
3482564
3484507
3557274
3224754
3008439
3350520
3448986
3518204
3664086
3543279
3171172
3056523
3444251
3569799
3626976
3548437
3452152
3178372
3081019
3580585
3647059
3627434
3642578
3584600
3215655
3054469
3354237
3353750
3270176
3245813
3268260
3071450
2823289
2957745
2823551
2513954
2895309
2942560
2797931
2801941
3120961
3048377
2726979
2910716
2955470
2809417
2793282
3090580
3065956
3026961
3082204
3152987
2875562
2829372
3190060
3327121
3408656
3307636
3234664
2966860
2829331
3327940
3471508
3503528
3457230
3399383
3085365
2904067
3366881
3514153
3524227
3467513
3493910
3150040
3014272
3373781
3377325
3435555
3381796
3224108
3039578
2942634
3262827
3391574
3399890
3377580
3317728
2885466
2779415
3128502
3239804
3181787
3123761
3134376
2910183
2671872
2988872
3105901
3145800
3282963
3286855
2996229
2843465
3210592
3222078
3109862
3087357
3007520
2610853
2374588
2728203
2803299
2801358
2789482
2730641
2498999
2312870
2665049
2777966
2728775
2681870
2651804
2533619
2549443
2931585
3001881
2988433
2994561
2895730
2476404
2265788
2561917
2556066
2531464
2577761
2576068
2289113
2089719
2409210
2511900
2560844
2520831
2458689
2188545
2059530
2433570
2521065
2549153
2522465
2472648
2295771
2155271
2157663
2480544
2486522
2460437
2449446
2225185
2140566
2490063
2537335
2483365
2062682
2304531
2204168
2072937
2357071
2376377
2379391
2086955
2205054
2078377
1991590
2403959
2486039
2468113
2437388
2388886
2069911
1894728
2245378
2304368
2340488
2326949
2312516
2060538
1923133
2304925
2378836
2372359
2021838
2126868
1976961
1861434
2229210
2291083
2330122
2315154
2285421
1998065
1833139
1927043
2271673
2296574
2322276
2298229
1987595
1824046
2204653
2272507
2276552
2289997
2271872
2005604
1867134
2249709
2314017
2307254
2308018
2282733
2008708
1847344
2199645
2280477
2294061
2328520
2292783
2008941
1862186
2208148
2280892
2302731
2328046
2295875
2006090
1853853
1877280
2248315
2326920
2368670
2357832
2052914
1863282
2210551
2290340
2317056
2330358
2256028
1978411
1845411
2149498
2186048
2191433
2187711
2137517
1896935
1752148
1989054
2028276
2039958
2050203
2044182
1840524
1741407
1946041
1972371
1973412
1958970
1782865
1784474
1712823
1980616
2041589
2057637
2073305
2081321
1896946
1788267
2155716
2242754
2239216
2255417
2225421
1968146
1838037
2202595
2281466
2290767
2307745
2290934
2012164
1878284
2264790
2320634
2323783
2319468
2278700
2005274
1868420
2252931
2313122
2325939
2325038
2305032
2018115
1872048
2226490
2304628
2342719
2333895
2303426
2022625
1883817
2274465
2333289
2335487
2330219
2298869
2022853
1919421
2343946
2412383
2433447
2404296
2368893
2091373
2002067
2350575
2416634
2441488
2437105
2382974
2079208
1916502
2300556
2423664
2512392
2564597
2534046
2230487
2091595
2466340
2563983
2555353
2516108
2451439
2143322
2096880
2544086
2682649
2818119
2899856
2870253
2544784
2417244
2653199
2489813
2792747
2862144
2841876
2547878
2467600
2905403
2967813
3028055
3022226
2923434
2556761
2373834
2770808
2877091
2867905
2867999
2809700
2586177
2572669
3098830
3266833
3369628
3378010
3332718
3090104
3044674
3368231
3508793
3468476
3337236
3280228
2979721
2948755
3266419
3215569
3264889
3071925
2982789
2789113
2776270
3079333
3102543
2938288
2628215
3000564
3017234
3144847
3586629
3539968
3442932
3222670
3310482
3069201
2825624
3422406
3613741
3559647
3432756
3253237
2764889
2760525
3284833
3279098
3281887
3285994
3266036
3122951
3122802
3558896
3675126
3714246
3721990
3770612
3483640
3304315
3577212
3540138
3553801
3549646
3581113
3316218
3271668
3662282
3787954
3874376
3928696
4047309
3655113
3382405
3663163
3655638
3573406
3547622
3441247
3074685
2946359
3391325
3421570
3448178
3450093
3400490
3129710
3067959
3349402
3420587
3339736
3271160
3276931
3067064
2730117
3018607
3095793
3188380
3234260
3183630
2833163
2602700
2881488
2960293
2896830
2896365
2958788
2797688
2747711
3043905
2968842
2859116
2938478
2964246
2739400
2658290
2962041
3037168
3140296
3177683
2999677
2630958
2460776
2763429
2772017
2903589
2967482
2869858
2616835
2520151
2540390
2811733
2760854
2648197
2534609
2271392
2121632
2400671
2379611
2341477
2340511
2348146
2129125
2040840
2367923
2371907
2352460
2354417
2325715
2067212
1967425
2376121
2486101
2516449
2527695
2142730
2167163
2020582
2324983
2324756
2357889
2366535
2042921
1990339
1880498
2221692
2268255
2273478
1990327
2158819
2045904
1905862
2258577
2352369
2406205
2415104
2354399
2055849
1872093
1951884
2281618
2312765
2316741
2291385
2017962
1887759
2259904
2323565
2337521
2349341
2336366
2021559
1866011
2232946
2289644
2296610
2327220
2279444
1986687
1847350
2210829
2262490
2276937
2299112
2240975
1980134
1845988
2242712
2293315
2299258
2320891
2317236
2035843
1907655
2302702
2398263
2421361
2427149
2416652
2140839
1950367
2340352
2411788
2354131
2335056
2319514
2068194
1899749
2125034
1992640
2333097
2406735
2380132
2079558
1904760
2303768
2385467
2361828
2331482
2289064
1991410
1837972
2164863
2207114
2195844
2165402
2115667
1890795
1779587
2058901
2068743
2089336
2121650
2104855
1899058
1750638
1959714
2015449
2051867
2034911
1991296
1772370
1691856
1949232
2009299
2031779
2059945
2075108
1898323
1771769
2092739
2151450
2201411
2237490
2212486
1996326
1881890
2246674
2275582
2255350
2267353
2243698
1980841
1866802
2235185
2290054
2301578
2302293
2279201
2011510
1887594
2233563
2314235
2355384
2343656
2303689
2036042
1907740
2267388
2347099
2369259
2376174
2330143
2063202
1941844
2304270
2376380
2388501
2419925
2409667
2137125
2026428
2383481
2394305
2417171
2432240
2431329
2182735
2063625
2478578
2618016
2777829
2900204
2925445
2561897
2382457
2738462
2785428
2820254
2782255
2683925
2394437
2231970
2590662
2607144
2625315
2659885
2608979
2326809
2216564
2662986
2721520
2664951
2626882
2552848
2220487
2104948
2455700
2558439
2328516
2633799
2678210
2486823
2324280
2691176
2727639
2666568
2687076
2713049
2685799
2771904
3266024
3444890
3263447
3214620
3271116
2997109
2804034
3038599
3037657
3095297
3174796
3096964
2882154
2665995
2940201
3037214
3100216
3308516
3255674
2881154
2834504
3195997
3154774
3016545
2930273
2863781
2592636
2481812
2786419
2810722
2761692
2618788
2314526
2430915
2448646
2727693
2745863
2797300
2731703
2572537
2663251
2721858
3093042
3228973
3261152
3246229
3199845
2846195
2778844
3186963
3324376
3434607
3480328
3577655
3366888
3266091
3755185
3783841
3759843
3769939
3694316
3127634
2914660
3184157
3164681
3149505
3148954
3190236
2930180
2705660
2962419
3022081
3181266
3328134
3115567
2799733
2711005
3115712
3222563
3365171
3368757
3381392
3005577
2835311
3391582
3530214
3606297
3598127
3451529
3062150
2687470
3034343
3115529
3220867
3259060
3305264
3097632
3003034
3419787
3433029
3283827
3355739
3276490
3028311
2964064
3366857
3433929
3382089
3330216
3232964
2900245
2784152
3116042
3106407
3225729
3194542
3088080
2831565
2701172
2994730
2977727
3029535
2995148
2946807
2570160
2448813
2511277
2842956
2828780
2849901
2922844
2644361
2327143
2634195
2682552
2702246
2766842
2824419
2558227
2355116
2599265
2605112
2586870
2595002
2529407
2280165
2240977
2643807
2621226
2531101
2490751
2443653
2294992
2345120
2786348
2813407
2858652
2799463
2724812
2485714
