9.673	-1.071	0.285	0.311		11.9	24.3	1.409	71527.163	11.178	n	n	n	1.933	n
9.588	-1.108	0.491	0.194	-0.028	2.7	22.8	0.398	71870.248	11.183				-4.767	0.479657767
9.673	-0.892	0.385	0.307	-0.31	0.6	23.4	-0.408	72400.798	11.19				-9.333	0.738205509
9.832	-1.045	0.286	0.324	0.654	-4.633	22.9	-0.715	72666.355	11.194				-11.533	0.366787039
9.866	-1.757	0.401	0.685	-0.497	-10	10.1	0.686	72520.09	11.192	14.474	0.9		-13.533	-0.201282792
9.661	-1.525	0.34	0.645	0.932	-7.167	11	-0.544	73072.889	11.199	15.525	-0.49	7.261	-11.967	0.762269913
9.412	-1.551	0.236	-0.216	-0.032	-8.433	7.5	0.032	73438.755	11.204	16.122	-0.976	3.846	-8.3	0.500686268
9.222	-1.296	0.537	1.022	-0.049	-1.967	15.3	-0.589	74017.699	11.212	18.353	0.347	13.834	-5.333	0.788336061
9.134	-0.871	0.108	0.359	0.663	-4	17.4	1.147	74709.604	11.221	17.956	-1.681	-2.16	-3.433	0.934783509
9.155	0.056	0.082	0.125	-0.623	5.033	11.9	0.664	75818.633	11.236	15.788	0.913	-12.077	-1.6	1.484452958
9.28	0.367	0.057	0.266	-0.469	4.2	6.6	1.108	76478.003	11.245	16.942	1.838	7.312	2.133	0.869666637
9.324	0.371	0.232	0.366	-0.241	7.667	3.9	-0.667	76915.812	11.25	16.661	2.186	-1.662	4.967	0.572464911
9.426	0.054	0.506	0.04	1.051	8.467	0.8	-0.502	77120.339	11.253	12.953	2.346	-22.255	3.1	0.26590918
9.429	-0.204	0.157	0.498	0.081	6.233	11.6	-0.949	77376.722	11.256	12.069	1.563	-6.826	2.433	0.332445464
9.379	-0.491	0.559	0.114	1.014	4	8.9	-0.902	77619.748	11.26	11.118	-0.127	-7.873	-1	0.314082684
9.139	-0.854	0.032	-0.03	0.361	-5.8	3.5	-1.313	77812.205	11.262	9.425	-1.274	-15.226	-7.033	0.2479475
8.972	-0.473	0.574	0.55	0.372	-5.3	4.1	0.467	78636.331	11.273	9.888	-1.095	4.903	-5.9	1.059121888
8.899	0.249	-0.033	0.161	0.079	-4.8	9.5	0.652	79695.183	11.286	14.501	-1.524	46.663	-1.2	1.34651787
8.126	1.078	0.409	0.288	0.073	0.967	17.9	1.971	80843.05	11.3	19.388	-0.738	33.7	1.167	1.440321293
7.682	1.66	0.176	0.637	0.099	7.033	6.5	2.234	81796.51	11.312	23.17	0.43	19.503	6.1	1.179396995
7.108	1.804	0.083	0.589	0.105	11.367	18.7	1.75	82407.648	11.319	27.141	1.261	17.14	7.9	0.747144441
6.817	1.881	0.671	1.005	-0.46	13.4	13.2	2.39	82950.036	11.326	28.44	2.21	4.785	8.1	0.658176822
6.877	1.706	0.137	0.807	0.625	15.867	17	1.78	83279.659	11.33	33.516	1.917	17.849	6.167	0.397375512
6.649	2.037	0.499	0.957	0.752	15.9	17.4	0.752	84018.389	11.339	34.063	1.149	1.631	4.933	0.887046407
6.096	1.464	0.306	-0.288	1.087	16.833	18.7	-0.483	83968.813	11.338	27.964	-0.576	-17.905	1.433	-0.059005693
6.514	0.846	0.827	1.479	1.308	7.133	32.1	1.071	83919.656	11.338	31.22	-1.281	11.644	-5.6	-0.058542406
6.324	0.079	0.581	0.241	2.027	6.567	36.2	-1.187	83748.14	11.336	28.362	-2.905	-9.154	-9.4	-0.20438127
7.374	-0.542	0.89	0.426	1.086	-1.167	45.6	-1.526	83698.841	11.335	21.588	-3.542	-23.885	-14.233	-0.058865389
7.349	-0.284	0.604	0.415	0.085	-3.3	22.1	-0.433	84478.433	11.344	24.131	-1.996	11.782	-9.833	0.931425269
7.272	0.055	0.163	0.171	0.001	6.333	9.2	0.643	85220.217	11.353	27.285	-1.97	13.07	-5.9	0.878074316
7.491	0.08	0.425	0.177	-0.662	3.867	0.9	-0.782	85669.622	11.358	27.358	0.854	0.267	-7.767	0.527345919
7.977	-0.08	0.182	0.406	-0.003	1.3	0.6	0.17	85935.562	11.361	26.874	2.11	-1.769	-9.433	0.310425245
8.125	-0.853	0.389	0.812	0.515	2.167	5.9	0.184	85597.11	11.357	29.285	1.711	8.972	-12.367	-0.393843724
8.08	-1.177	0.581	-0.115	0.932	-4.367	7.9	-1.623	85682.657	11.358	22.974	1.265	-21.551	-15.6	0.099941563
8.122	-1.212	0.291	0.474	0.542	-5.867	0	0.204	86013.111	11.362	25.288	0.076	10.075	-12.467	0.385671612
8.383	-0.884	0.431	0.458	-0.185	1.133	1.3	0.326	86653.501	11.37	24.738	0.357	-2.176	-6.267	0.744526447
8.55	0.418	0.247	0.361	-0.874	4.633	11.4	0.566	88004.295	11.385	25.566	1.95	3.345	-3.767	1.558845205
7.744	0.94	0.282	0.686	-0.763	4.133	8	2.383	88867.459	11.395	29.462	3.033	15.24	-0.667	0.980820232
8.895	1.303	0.27	0.435	-0.047	6.533	17.4	1.331	89643.858	11.404	34.037	3.814	15.53	0.733	0.873659225
8.348	1.053	0.255	0.797	1.156	12.4	18.6	-0.003	89930.131	11.407	34.027	2.403	-0.029	-0.967	0.31934485
8.455	0.617	0.39	0.464	-0.466	8.067	13	0.831	90286.001	11.411	36.33	1.77	6.768	-3.8	0.395717902
8.473	0.529	0.206	0.716	0.682	4.667	19.9	0.707	90736.578	11.416	40.983	0.797	12.807	-7.233	0.499055256
8.499	0.361	0.317	0.822	0.965	2.033	16.9	1.929	91087.986	11.42	50.454	-0.191	23.109	-6.167	0.387283891
8.442	0.635	0.631	0.464	0.021	4.267	17.9	3.147	91816.68	11.428	47.908	1.414	-5.046	-0.867	0.799988929
8.553	0.833	0.26	0.585	0.775	5.133	15.3	0.765	92393.698	11.434	51.496	0.157	7.489	2.167	0.628445617
8.669	0.669	0.455	0.663	0.976	7.667	17.5	-1.189	92695.744	11.437	55.498	-0.414	7.772	5.6	0.326912021
7.902	1.026	0.393	0.484	-0.159	9.767	19.6	0.256	93476.876	11.445	55.005	0.717	-0.887	6.433	0.84268455
7.913	1.626	0.194	0.203	0.289	11.567	15.3	-0.54	94484.444	11.456	46.344	0.054	-15.746	6.3	1.077879424
7.83	2.462	0.457	0.411	0.269	14.633	20.5	-0.268	95699.671	11.469	44.306	1.068	-4.398	5.333	1.286165497
7.993	2.374	0.421	0.326	1.491	9.1	24	1.834	96075.901	11.473	50.984	0.486	15.072	6.533	0.393136801
7.067	2.67	0.286	0.376	-0.531	11.233	25.5	1.993	96818.042	11.481	54.623	0.221	7.139	5.467	0.772452315
7.066	2.691	0.211	1.613	0.793	10.633	33.5	1.837	97306.664	11.486	61.443	-0.535	12.484	2.4	0.504680873
6.914	2.639	0.578	1.452	1.464	13.367	29.8	2.455	97869.146	11.491	64.552	-1.796	5.06	1.7	0.578050599
6.626	2.361	0.377	1.443	0.967	11.8	16.6	1.912	98025.35	11.493	78.399	-0.866	21.452	-0.733	0.159604793
7.491	1.462	0.768	0.994	2.045	19.233	22.8	1.804	97532.1	11.488	76.812	-2.948	-2.025	-5.1	-0.503185507
6.833	-0.984	0.659	-0.357	2.868	6.367	6.4	-4.429	95489.925	11.467	42.404	-5.569	-44.795	-20.733	-2.093849308
7.768	-2.24	0.366	-0.573	0.382	-3.533	-11.2	-5.28	94392.167	11.455	34.524	-5.129	-18.582	-30.3	-1.149606236
7.838	-2.621	0.662	-0.243	-0.178	-7.267	-11.1	-1.824	94288.967	11.454	43.373	-4.52	25.63	-27	-0.10933084
7.972	-1.822	0.351	0.071	-0.703	-9	-11.5	0.375	95338.652	11.465	47.801	-1.654	10.208	-19.4	1.113263993
8.087	-1.287	0.276	0.535	-0.292	-6.067	-1.7	0.397	96143.844	11.474	50.724	1.265	6.115	-10.533	0.844559578
8.567	-1.155	-0.038	0.753	-0.677	-8.033	5.4	2.751	96600.951	11.478	55.429	2.695	9.276	-5.967	0.475440714
8.417	-0.457	0.533	1.058	0.293	6.7	10.2	3.131	97576.043	11.488	61.91	3.479	11.693	-5.033	1.009402367
8.379	-0.313	0.189	0.262	0.215	8.467	8.6	1.63	98007.288	11.493	59.181	2.379	-4.408	-4.9	0.441957763
7.878	-0.191	0.567	1.027	1.033	14.433	19.3	0.781	98411.752	11.497	63.901	1.78	7.975	0.467	0.412687739
7.083	0.167	0.334	1.002	0.85	17.567	31.1	1.603	99062.7	11.504	76.68	0.38	19.998	5.033	0.661453318
6.915	0.181	0.243	0.83	0.135	22.567	31.3	1.219	99349.115	11.506	81.388	-0.35	6.14	0.533	0.289125073
7.516	0.143	0.52	0.676	1.349	10.467	31.8	0.379	99570.8	11.509	79.616	-1.781	-2.177	-6.567	0.223137023
7.062	-0.041	0.368	0.725	0.507	2.833	26.7	0.929	99637.691	11.509	81.084	-1.139	1.845	-10.333	0.067179305
7.147	-0.068	0.718	0.962	0.825	10.833	44	0.979	99832.306	11.511	90.433	-0.515	11.529	-9.7	0.195322789
7.294	-0.495	0.34	0.205	1.293	2.367	29.4	0.655	99639.009	11.509	84.984	-2.03	-6.025	-11	-0.193621463
7.508	-0.762	0.367	0.496	0.504	2.3	22.5	0.319	99601.311	11.509	87.946	-1.382	3.485	-11.8	-0.037834178
8.269	-1.106	0.391	0.591	0.705	-0.333	27.3	-0.018	99481.208	11.508	85.172	-1.568	-3.155	-13.1	-0.120584529
8.392	-1.613	0.335	0.19	0.493	10.767	29.5	-0.214	99163.244	11.505	85.47	-2.02	0.351	-13.333	-0.319621673
8.421	-1.365	0.366	0.076	0.3	3.033	25.2	-0.696	99640.153	11.509	78.856	-0.866	-7.739	-13.233	0.480932825
8.465	-1.117	0.428	0.373	0.236	2.533	23.8	-0.09	100126.819	11.514	83.146	-0.823	5.441	-9.367	0.488424265
8.498	-1.064	0.448	0.269	0.157	3.167	11.4	-0.421	100423.472	11.517	80.381	-0.087	-3.326	-6.333	0.296276996
8.637	-1.02	0.197	0.231	-0.062	7.733	11.1	-0.135	100687.738	11.52	78.802	0.077	-1.964	-4.833	0.263151308
8.551	-1.025	0.489	-0.214	-0.53	2	9.7	-1.215	100915.214	11.522	80.088	0.457	1.632	-5.933	0.22592207
8.457	-0.896	0.304	0.075	0.367	2.233	19	-0.922	101297.863	11.526	77.009	1.252	-3.844	-7.233	0.379179237
8.538	-0.849	0.367	-0.091	0.069	1.667	5.3	-0.416	101617.48	11.529	60.775	0.673	-21.081	-7	0.315522152
8.673	-0.651	0.456	-0.128	-0.524	-2.6	-1.4	-1.783	102057.423	11.533	47.992	1.286	-21.033	-7.5	0.432940166
8.643	-0.473	0.36	0.818	-0.006	2.1	8.5	0.227	102545.604	11.538	56.184	1.148	17.069	-5.067	0.478338908
7.978	-0.721	0.405	0.219	-0.344	4.033	14	-1.491	102605.77	11.539	45.007	2.012	-19.895	-4.633	0.058672729
8.721	-0.576	0.582	0.44	0.312	6.433	23.2	-1.872	103081.559	11.543	39.644	2.091	-11.915	-3.733	0.463706228
8.248	-0.713	0.487	0.065	0.22	-0.867	18.4	-0.39	103345.028	11.546	31.177	0.654	-21.357	-3.7	0.25559217
8.204	-0.327	0.36	0.889	-0.912	6.467	29.1	-0.394	104090.314	11.553	40.694	2.918	30.523	-1.633	0.721162791
7.667	-0.562	0.439	0.528	0.511	6.867	19.7	0.462	104191.221	11.554	41.017	1.532	0.796	-1.233	0.09694179
7.249	-0.645	0.145	0.479	0.284	7.433	18.6	0.768	104458.483	11.557	46.414	1.549	13.156	-1.3	0.256511007
7.654	-0.291	0.454	1.039	0.16	5.933	25	2.064	105208.92	11.564	50.825	2.656	9.504	-0.8	0.718407611
7.326	-0.167	0.448	-0.042	0.979	8	22.2	-0.355	105710.021	11.568	45.617	-0.216	-10.246	-1.267	0.476291443
7.047	-0.315	0.488	0.438	0.456	8.167	18.5	-0.421	105891.125	11.57	44.049	-0.211	-3.437	-1.8	0.171321474
6.394	-0.223	0.063	0.556	0.078	10.333	19.6	0.51	106472.21	11.576	52.207	-0.046	18.521	0.7	0.548756513
							0.597	106816.202	11.579	54.467		4.328	1.433	0.323081895
